545
1.6581 0.17453 0.17453 0.17453 -0.034907 -0.17453 -0.17453 -0.5236 -0.69813 -0.5236 -0.87266 -0.17453 0.087266 0.34907 0.17453 0.17453 0.17453 0.18147 -0.80904 2.4791 
1.63729 0.174978 0.189978 0.183008 -0.0330625 -0.161273 -0.186083 -0.520692 -0.70482 -0.536786 -0.868642 -0.16843 0.0845206 0.354032 0.172224 0.176277 0.176661 0.181014 -0.809001 2.48279 
1.6165 0.175455 0.205458 0.191517 -0.0311876 -0.147992 -0.197613 -0.51777 -0.711488 -0.549969 -0.864621 -0.162334 0.0817796 0.358985 0.169916 0.178 0.178766 0.180534 -0.809007 2.48653 
1.59574 0.17595 0.22095 0.20004 -0.0292913 -0.134682 -0.209113 -0.514822 -0.71814 -0.563135 -0.860601 -0.156239 0.0790323 0.363924 0.167597 0.17971 0.180844 0.180009 -0.809057 2.49031 
1.575 0.17647 0.23647 0.208583 -0.0273797 -0.121351 -0.220592 -0.511848 -0.724766 -0.576293 -0.85657 -0.15015 0.0762795 0.368865 0.165254 0.181392 0.182898 0.17945 -0.809155 2.49415 
1.55428 0.177001 0.252002 0.217151 -0.0254414 -0.107993 -0.232045 -0.508845 -0.731373 -0.589438 -0.852543 -0.144061 0.0735207 0.373793 0.162906 0.18306 0.184915 0.178849 -0.809296 2.49804 
1.53358 0.177559 0.267553 0.225731 -0.0234743 -0.0946095 -0.243473 -0.505822 -0.737961 -0.602572 -0.848514 -0.137967 0.0707581 0.378724 0.160537 0.184701 0.186908 0.178217 -0.809484 2.50199 
1.51291 0.178132 0.283122 0.234331 -0.0214911 -0.0812031 -0.254875 -0.502765 -0.744523 -0.615699 -0.844484 -0.131871 0.0679905 0.383643 0.158156 0.18633 0.188875 0.17754 -0.809726 2.50599 
1.49227 0.17873 0.298701 0.242949 -0.0194875 -0.0677785 -0.266239 -0.499688 -0.751067 -0.628809 -0.84044 -0.125783 0.065228 0.388548 0.155761 0.187937 0.190805 0.176825 -0.810013 2.51004 
1.47164 0.179341 0.314302 0.251591 -0.0174605 -0.0543222 -0.277584 -0.496584 -0.757591 -0.641906 -0.836402 -0.11969 0.062462 0.393454 0.153357 0.189521 0.192706 0.176071 -0.810354 2.51415 
1.45103 0.179972 0.329926 0.260244 -0.0154129 -0.0408399 -0.288906 -0.493446 -0.764087 -0.654988 -0.832359 -0.113601 0.0596855 0.398353 0.150937 0.191083 0.194581 0.17528 -0.810739 2.51832 
1.43046 0.180621 0.345562 0.268911 -0.0133414 -0.0273335 -0.300195 -0.490286 -0.770564 -0.668059 -0.828304 -0.107511 0.0569104 0.403243 0.148506 0.192621 0.196426 0.174451 -0.811174 2.52254 
1.4099 0.181293 0.361213 0.277605 -0.0112556 -0.0138051 -0.311454 -0.487097 -0.777013 -0.681107 -0.82425 -0.101427 0.0541283 0.408128 0.146055 0.19414 0.198243 0.173581 -0.811658 2.52682 
1.38936 0.181982 0.376883 0.286313 -0.00914955 -0.000251575 -0.322684 -0.483874 -0.783442 -0.694147 -0.820193 -0.0953405 0.0513513 0.413003 0.143597 0.195641 0.200026 0.172671 -0.812194 2.53115 
1.36885 0.182687 0.392562 0.29504 -0.00701884 0.0133329 -0.333896 -0.480628 -0.78984 -0.707172 -0.816133 -0.0892438 0.0485633 0.417881 0.141126 0.197113 0.201781 0.171711 -0.812779 2.53554 
1.34836 0.183409 0.408261 0.303781 -0.00487002 0.0269387 -0.345073 -0.477352 -0.79622 -0.720185 -0.812061 -0.0831497 0.0457812 0.422752 0.138645 0.198569 0.203503 0.170717 -0.813418 2.53999 
1.32789 0.184153 0.423969 0.312538 -0.00269718 0.040558 -0.356217 -0.474044 -0.80257 -0.733181 -0.807981 -0.0770579 0.0429959 0.42761 0.136146 0.200006 0.205191 0.169687 -0.814106 2.54449 
1.30744 0.184912 0.439694 0.321313 -0.000509893 0.0542076 -0.367335 -0.470706 -0.808895 -0.74616 -0.803895 -0.0709628 0.0402094 0.432462 0.133636 0.20142 0.206855 0.16861 -0.814844 2.54905 
1.28702 0.185687 0.455434 0.330101 0.00169139 0.067882 -0.378429 -0.467342 -0.815196 -0.759117 -0.799807 -0.0648581 0.0374199 0.437319 0.131114 0.202812 0.208481 0.167502 -0.815638 2.55367 
1.26662 0.186481 0.471183 0.338902 0.0039195 0.0815771 -0.389496 -0.463947 -0.821465 -0.77206 -0.795705 -0.0587522 0.0346298 0.442162 0.128576 0.204181 0.210076 0.166342 -0.816473 2.55835 
1.24623 0.187286 0.486954 0.347713 0.00616497 0.0952963 -0.400529 -0.460524 -0.827712 -0.784978 -0.7916 -0.0526435 0.0318393 0.447004 0.126028 0.205528 0.211645 0.165147 -0.817371 2.56308 
1.22587 0.188111 0.502734 0.356533 0.00843131 0.109039 -0.411533 -0.457064 -0.833932 -0.797888 -0.787483 -0.0465311 0.0290505 0.451842 0.123466 0.20685 0.213184 0.163909 -0.818316 2.56787 
1.20553 0.188944 0.51852 0.365376 0.0107058 0.122805 -0.422518 -0.453583 -0.84012 -0.810773 -0.783353 -0.0404134 0.0262659 0.456676 0.120892 0.20816 0.214689 0.162629 -0.819311 2.57273 
1.18521 0.189796 0.534317 0.374226 0.0130031 0.13659 -0.433463 -0.450065 -0.846284 -0.82364 -0.779215 -0.0342926 0.0234799 0.461503 0.118307 0.209441 0.216166 0.161311 -0.820354 2.57764 
1.1649 0.190664 0.550129 0.383092 0.0153212 0.150396 -0.444387 -0.446518 -0.852417 -0.836487 -0.775069 -0.0281601 0.0206913 0.466328 0.115704 0.210708 0.217607 0.159946 -0.821447 2.5826 
1.14462 0.191542 0.565944 0.391964 0.0176512 0.164229 -0.455285 -0.442946 -0.858515 -0.849311 -0.770916 -0.0220238 0.0179084 0.471151 0.113095 0.211949 0.219024 0.158549 -0.822596 2.58763 
1.12435 0.192429 0.581776 0.400842 0.0200003 0.178078 -0.466146 -0.439333 -0.864591 -0.862115 -0.766746 -0.0158858 0.0151246 0.475965 0.110472 0.21317 0.220409 0.157109 -0.823792 2.59272 
1.1041 0.193324 0.597606 0.409735 0.0223625 0.19195 -0.476984 -0.435695 -0.870635 -0.874901 -0.762567 -0.00973406 0.0123484 0.480781 0.107835 0.214379 0.221764 0.155629 -0.825037 2.59786 
1.08387 0.194238 0.613446 0.418638 0.02473 0.205841 -0.4878 -0.432021 -0.876648 -0.887657 -0.758371 -0.00357745 0.00956576 0.4856 0.105188 0.215561 0.223088 0.154106 -0.826338 2.60305 
1.06365 0.195157 0.629289 0.427547 0.0271232 0.219749 -0.498585 -0.428318 -0.882628 -0.900395 -0.75416 0.00258362 0.00678697 0.49041 0.102535 0.21672 0.224385 0.15255 -0.827685 2.60831 
1.04343 0.196084 0.645141 0.436467 0.0295246 0.233682 -0.509343 -0.424581 -0.888582 -0.913107 -0.749939 0.00876167 0.00401257 0.495214 0.0998704 0.217868 0.225646 0.150945 -0.829077 2.61362 
1.02324 0.197019 0.661 0.445388 0.0319342 0.24763 -0.520074 -0.420817 -0.894498 -0.925796 -0.745701 0.0149428 0.00124639 0.50002 0.0971946 0.218989 0.226884 0.149309 -0.830517 2.61899 
1.00305 0.197962 0.676851 0.454316 0.0343654 0.261597 -0.530772 -0.417022 -0.900387 -0.938457 -0.741446 0.0211312 -0.00151699 0.504823 0.0945053 0.2201 0.228085 0.147629 -0.832004 2.62441 
1.00047 0.194643 0.680752 0.466821 0.0234097 0.261529 -0.533822 -0.409453 -0.896035 -0.947065 -0.743795 0.0257663 0.00171737 0.494168 0.104219 0.20993 0.22853 0.15946 -0.83236 2.63049 
0.997892 0.191308 0.684644 0.479318 0.0124631 0.261468 -0.536876 -0.401881 -0.891667 -0.95567 -0.746138 0.0304075 0.00496261 0.483508 0.113931 0.199754 0.228975 0.171286 -0.832725 2.63656 
0.995295 0.187974 0.688533 0.491812 0.00151121 0.2614 -0.53992 -0.394301 -0.887293 -0.964263 -0.748473 0.0350581 0.00820906 0.47285 0.123641 0.189571 0.229411 0.183111 -0.833089 2.64264 
0.992695 0.184622 0.692417 0.504307 -0.00945094 0.261341 -0.542963 -0.386723 -0.882923 -0.972843 -0.750794 0.0397149 0.0114634 0.462192 0.133355 0.179396 0.229853 0.194926 -0.833465 2.64872 
0.990085 0.181264 0.696293 0.516792 -0.0204098 0.261279 -0.546003 -0.379135 -0.878536 -0.981417 -0.753116 0.0443761 0.0147178 0.451539 0.143071 0.169212 0.230293 0.206744 -0.833836 2.65481 
0.987457 0.177904 0.700171 0.529276 -0.0313681 0.261218 -0.549046 -0.37154 -0.874145 -0.989977 -0.755425 0.0490395 0.0179738 0.440888 0.152781 0.159034 0.230726 0.218557 -0.834213 2.66091 
0.984824 0.174534 0.704033 0.541762 -0.0423292 0.26116 -0.552081 -0.363942 -0.869743 -0.998533 -0.757723 0.0537077 0.0212286 0.430239 0.16249 0.14885 0.231151 0.230371 -0.83459 2.66701 
0.982183 0.171151 0.707899 0.554238 -0.05329 0.2611 -0.555108 -0.356337 -0.865337 -1.00708 -0.760016 0.0583891 0.0244925 0.419585 0.172197 0.138657 0.231578 0.24218 -0.834967 2.67311 
0.979534 0.167763 0.711752 0.566711 -0.0642496 0.26104 -0.558141 -0.348722 -0.860923 -1.01561 -0.762303 0.0630678 0.0277587 0.40894 0.1819 0.128471 0.232001 0.253981 -0.835349 2.67922 
0.976867 0.164374 0.7156 0.579185 -0.0752185 0.260987 -0.561166 -0.341111 -0.856495 -1.02415 -0.764576 0.0677583 0.0310227 0.398287 0.19161 0.118282 0.232424 0.265785 -0.835736 2.68533 
0.974195 0.160974 0.719443 0.591651 -0.0861796 0.260929 -0.564191 -0.333493 -0.852064 -1.03266 -0.766844 0.0724467 0.0342978 0.387639 0.20132 0.10809 0.23284 0.277591 -0.83613 2.69145 
0.971515 0.157562 0.723278 0.604118 -0.0971477 0.260875 -0.567208 -0.325867 -0.847627 -1.04118 -0.769109 0.0771486 0.0375761 0.376993 0.211026 0.0978954 0.233253 0.289386 -0.836516 2.69757 
0.968827 0.154146 0.727104 0.616583 -0.108118 0.26082 -0.57023 -0.318232 -0.843183 -1.04967 -0.771364 0.0818473 0.0408585 0.36635 0.220731 0.087701 0.233661 0.301181 -0.836909 2.7037 
0.96613 0.150717 0.730932 0.629037 -0.119087 0.260768 -0.573246 -0.310602 -0.838727 -1.05817 -0.773608 0.0865572 0.0441421 0.355707 0.230441 0.0775032 0.234075 0.312966 -0.837304 2.70983 
0.963424 0.147283 0.734753 0.641491 -0.13006 0.260709 -0.576262 -0.302963 -0.834264 -1.06665 -0.775844 0.0912771 0.0474283 0.34506 0.24015 0.0673113 0.234482 0.324752 -0.837708 2.71597 
0.960701 0.14384 0.738567 0.65395 -0.141032 0.260661 -0.579266 -0.295317 -0.829802 -1.07513 -0.778077 0.0959998 0.0507144 0.334422 0.249853 0.0571096 0.23489 0.33654 -0.838106 2.72211 
0.957973 0.140392 0.742371 0.6664 -0.152 0.260609 -0.582282 -0.287663 -0.825324 -1.08359 -0.780304 0.100727 0.0540076 0.323779 0.259559 0.0469098 0.23529 0.34832 -0.83851 2.72826 
0.955239 0.136936 0.746172 0.678847 -0.162977 0.260558 -0.585285 -0.28001 -0.820845 -1.09205 -0.782516 0.105458 0.0573031 0.313138 0.269261 0.0367034 0.235696 0.360097 -0.838914 2.73441 
0.952496 0.133475 0.749964 0.691292 -0.173959 0.26051 -0.58829 -0.272352 -0.816353 -1.10049 -0.784723 0.110198 0.0605988 0.3025 0.278961 0.026501 0.236091 0.371872 -0.839329 2.74056 
0.949742 0.13 0.753756 0.703727 -0.184938 0.260466 -0.591288 -0.264687 -0.811856 -1.10894 -0.78692 0.114938 0.0639052 0.291862 0.288665 0.0162931 0.236481 0.383645 -0.839738 2.74672 
0.946975 0.126524 0.757543 0.716162 -0.195919 0.26042 -0.594291 -0.257012 -0.807353 -1.11736 -0.789114 0.119688 0.0672088 0.28122 0.298371 0.00609149 0.236872 0.395412 -0.840158 2.75288 
0.944207 0.123034 0.76132 0.728595 -0.206898 0.260368 -0.597286 -0.249341 -0.802835 -1.12579 -0.791296 0.124438 0.0705225 0.270587 0.30807 -0.00411787 0.237264 0.407175 -0.840575 2.75904 
0.941424 0.119543 0.765093 0.741022 -0.217879 0.26032 -0.600281 -0.241662 -0.798313 -1.1342 -0.793473 0.129198 0.0738392 0.25995 0.317771 -0.0143287 0.237652 0.418932 -0.840998 2.76521 
0.938637 0.116039 0.768854 0.753447 -0.228861 0.260271 -0.603266 -0.233982 -0.79379 -1.14261 -0.795637 0.133966 0.0771555 0.249322 0.327476 -0.0245403 0.238035 0.430693 -0.841422 2.77139 
0.935835 0.112535 0.772614 0.765872 -0.239839 0.26022 -0.606261 -0.226292 -0.789253 -1.151 -0.797794 0.138738 0.0804687 0.23869 0.337171 -0.0347488 0.238412 0.442442 -0.841848 2.77756 
0.933029 0.109016 0.776372 0.778287 -0.250827 0.260179 -0.609245 -0.2186 -0.784715 -1.15939 -0.799947 0.143518 0.0837924 0.228057 0.34687 -0.0449677 0.238795 0.454196 -0.842276 2.78374 
0.930214 0.105493 0.780123 0.790702 -0.261819 0.26013 -0.612231 -0.210902 -0.780163 -1.16776 -0.802093 0.148298 0.087119 0.21743 0.356571 -0.0551885 0.239172 0.465943 -0.842707 2.78993 
0.927389 0.101958 0.783864 0.803115 -0.272808 0.260085 -0.615208 -0.203197 -0.775606 -1.17614 -0.804231 0.153087 0.0904536 0.2068 0.366273 -0.0654092 0.23954 0.477694 -0.84314 2.79612 
0.924554 0.0984233 0.787603 0.815522 -0.283799 0.26004 -0.618191 -0.195492 -0.771043 -1.18449 -0.806363 0.157879 0.0937896 0.196171 0.375972 -0.0756276 0.239913 0.489434 -0.843576 2.80231 
0.92171 0.0948763 0.791332 0.827927 -0.294796 0.26 -0.621163 -0.187778 -0.766474 -1.19285 -0.808486 0.162679 0.0971231 0.185547 0.38567 -0.085848 0.240284 0.501175 -0.844017 2.80851 
0.918853 0.0913227 0.795062 0.840331 -0.30579 0.259959 -0.624141 -0.180062 -0.761893 -1.20119 -0.810594 0.167477 0.100458 0.174929 0.39537 -0.0960701 0.24065 0.512911 -0.84446 2.81472 
0.915994 0.0877638 0.798782 0.852724 -0.316784 0.259914 -0.627113 -0.172336 -0.757315 -1.20952 -0.812702 0.172288 0.103802 0.164308 0.405065 -0.106291 0.241014 0.524642 -0.844907 2.82092 
0.913126 0.0841951 0.802494 0.865113 -0.327788 0.25988 -0.630081 -0.164612 -0.752724 -1.21784 -0.814804 0.177098 0.107149 0.15369 0.414761 -0.116508 0.241373 0.536374 -0.845357 2.82714 
0.910245 0.080623 0.8062 0.877506 -0.338787 0.25984 -0.633054 -0.156878 -0.748122 -1.22616 -0.816893 0.181921 0.110495 0.143068 0.424461 -0.126737 0.241735 0.548096 -0.845805 2.83335 
0.907356 0.0770446 0.809903 0.889892 -0.349789 0.2598 -0.636021 -0.149142 -0.743513 -1.23447 -0.818974 0.186747 0.113848 0.132449 0.43416 -0.13697 0.242091 0.559821 -0.84626 2.83957 
0.904459 0.0734479 0.813606 0.902276 -0.360787 0.259756 -0.638978 -0.141397 -0.738906 -1.24277 -0.821052 0.191577 0.117204 0.12183 0.443854 -0.147198 0.242442 0.571538 -0.846717 2.84579 
0.901553 0.0698527 0.817293 0.914662 -0.371789 0.25972 -0.641941 -0.133652 -0.734293 -1.25106 -0.823112 0.196419 0.12056 0.111211 0.453552 -0.157428 0.242793 0.583254 -0.847176 2.85201 
0.898637 0.0662447 0.820982 0.927037 -0.382796 0.259679 -0.644894 -0.125899 -0.729664 -1.25935 -0.825175 0.20126 0.123924 0.100598 0.463242 -0.167656 0.243146 0.594968 -0.847633 2.85825 
0.895714 0.0626331 0.824662 0.939411 -0.393801 0.259638 -0.647854 -0.118145 -0.725027 -1.26762 -0.827227 0.206105 0.127286 0.0899877 0.472939 -0.17789 0.243491 0.606682 -0.848099 2.86449 
0.892787 0.059012 0.828333 0.951786 -0.404814 0.259598 -0.65081 -0.110387 -0.720385 -1.27588 -0.829269 0.210955 0.130663 0.0793758 0.482634 -0.188128 0.243834 0.618388 -0.848566 2.87073 
0.889845 0.0553843 0.832003 0.964151 -0.41582 0.259559 -0.653763 -0.102625 -0.715737 -1.28414 -0.831307 0.215815 0.134036 0.068768 0.492329 -0.19836 0.244171 0.630092 -0.849039 2.87697 
0.8869 0.0517466 0.835663 0.976518 -0.426835 0.259521 -0.656713 -0.094848 -0.711083 -1.29239 -0.833336 0.220679 0.137414 0.0581573 0.502021 -0.208598 0.244515 0.641786 -0.849506 2.88321 
0.883945 0.0481044 0.839324 0.988882 -0.437859 0.25948 -0.659661 -0.0870726 -0.706414 -1.30063 -0.835354 0.225547 0.140789 0.0475497 0.511711 -0.218838 0.244853 0.653483 -0.849977 2.88947 
0.880979 0.0444576 0.842976 1.00124 -0.448876 0.259447 -0.662608 -0.0792973 -0.701747 -1.30885 -0.837363 0.230416 0.144173 0.0369487 0.521404 -0.229079 0.245182 0.665178 -0.850458 2.89572 
0.878004 0.0408038 0.846623 1.01359 -0.4599 0.259409 -0.665553 -0.0715142 -0.697076 -1.31707 -0.839366 0.235296 0.147557 0.0263487 0.5311 -0.239319 0.245512 0.676863 -0.850937 2.90198 
0.875018 0.0371447 0.850262 1.02594 -0.470916 0.25938 -0.668493 -0.0637277 -0.692392 -1.32528 -0.841364 0.24018 0.150944 0.0157476 0.540791 -0.249568 0.245835 0.688546 -0.851416 2.90823 
0.872027 0.0334759 0.853895 1.03828 -0.481938 0.259341 -0.671431 -0.0559323 -0.687704 -1.33348 -0.843355 0.245076 0.154338 0.00513878 0.55048 -0.25981 0.246161 0.700231 -0.8519 2.9145 
0.86903 0.0297949 0.857522 1.05063 -0.492964 0.259303 -0.674364 -0.0481387 -0.683004 -1.34167 -0.84534 0.249974 0.157737 -0.00545823 0.560168 -0.270059 0.246481 0.711911 -0.852388 2.92077 
0.866022 0.0261114 0.861141 1.06297 -0.503991 0.259268 -0.677303 -0.0403338 -0.678295 -1.34986 -0.847315 0.254876 0.161138 -0.0160615 0.56986 -0.2803 0.246801 0.723582 -0.852878 2.92704 
0.863004 0.0224217 0.864759 1.07531 -0.515017 0.259229 -0.680235 -0.0325292 -0.673584 -1.35803 -0.849275 0.25978 0.164533 -0.026653 0.579551 -0.290548 0.247115 0.735257 -0.853375 2.93331 
0.859983 0.0187224 0.868372 1.08764 -0.52605 0.259189 -0.683172 -0.0247229 -0.668864 -1.36618 -0.851234 0.264697 0.167938 -0.0372505 0.589241 -0.300799 0.247432 0.746923 -0.853867 2.9396 
0.856948 0.0150176 0.871977 1.09997 -0.537084 0.259158 -0.686098 -0.0169075 -0.664137 -1.37434 -0.853184 0.269615 0.171353 -0.0478421 0.598924 -0.31105 0.247742 0.75859 -0.854367 2.94588 
0.853906 0.0113048 0.875574 1.11229 -0.548118 0.259121 -0.68902 -0.00909113 -0.659402 -1.38249 -0.855123 0.274538 0.174769 -0.0584398 0.608611 -0.321299 0.248052 0.770253 -0.854868 2.95217 
0.850848 0.00758576 0.879173 1.12462 -0.559155 0.25909 -0.691944 -0.00126949 -0.654665 -1.39063 -0.857056 0.279469 0.178184 -0.0690321 0.618302 -0.331556 0.248358 0.78191 -0.855372 2.95846 
0.847792 0.00385143 0.882761 1.13694 -0.57019 0.259059 -0.694872 0.0065571 -0.649924 -1.39875 -0.858984 0.284407 0.181608 -0.0796209 0.62799 -0.341809 0.248661 0.793562 -0.855878 2.96476 
0.844722 0.000119332 0.886337 1.14926 -0.581234 0.259024 -0.697786 0.0143939 -0.645166 -1.40688 -0.860905 0.289352 0.185031 -0.0902097 0.637675 -0.352062 0.248956 0.805218 -0.856384 2.97106 
0.841645 -0.00362588 0.889914 1.16157 -0.592268 0.258991 -0.70071 0.0222293 -0.640402 -1.41499 -0.862812 0.294299 0.18846 -0.1008 0.647361 -0.362319 0.249252 0.816862 -0.856898 2.97736 
0.838556 -0.0073762 0.893482 1.17389 -0.603316 0.25896 -0.703624 0.0300717 -0.635633 -1.4231 -0.864714 0.29925 0.191885 -0.111382 0.657052 -0.372576 0.249547 0.828509 -0.857412 2.98367 
0.835462 -0.0111287 0.897041 1.18619 -0.61436 0.25893 -0.706541 0.0379186 -0.630862 -1.43119 -0.866602 0.304208 0.195319 -0.121961 0.66674 -0.38283 0.24984 0.84014 -0.85793 2.98998 
0.832357 -0.0148933 0.900597 1.1985 -0.625413 0.258898 -0.709447 0.0457724 -0.626078 -1.43927 -0.868495 0.309174 0.198752 -0.132543 0.676423 -0.393091 0.250132 0.85178 -0.858448 2.9963 
0.829246 -0.0186648 0.904144 1.2108 -0.636458 0.258861 -0.71236 0.0536285 -0.621293 -1.44734 -0.870374 0.314147 0.202189 -0.143121 0.68611 -0.403349 0.250411 0.863412 -0.858969 3.00262 
0.826128 -0.0224444 0.907693 1.2231 -0.647515 0.25883 -0.715265 0.0614899 -0.616496 -1.45541 -0.872237 0.319118 0.205633 -0.153703 0.695792 -0.413616 0.250697 0.87504 -0.859492 3.00894 
0.822995 -0.0262263 0.911233 1.23539 -0.658569 0.2588 -0.718171 0.0693571 -0.611694 -1.46347 -0.874095 0.324096 0.209078 -0.164281 0.70548 -0.42388 0.250981 0.886661 -0.860019 3.01527 
0.81986 -0.0300241 0.91477 1.24768 -0.669631 0.258766 -0.721066 0.077228 -0.606882 -1.47151 -0.875951 0.329078 0.212535 -0.174856 0.715159 -0.434147 0.251257 0.898283 -0.860551 3.0216 
0.806539 -0.0180764 0.916229 1.24335 -0.663313 0.25623 -0.704655 0.0825462 -0.624212 -1.46217 -0.886297 0.326271 0.220747 -0.162517 0.702059 -0.44851 0.243884 0.894647 -0.837887 3.02646 
0.793162 -0.00617601 0.917646 1.23899 -0.657007 0.253696 -0.688236 0.0878827 -0.641508 -1.45278 -0.896586 0.323493 0.228988 -0.150162 0.688961 -0.462875 0.236493 0.890994 -0.815232 3.03135 
0.779728 0.00567323 0.919029 1.23461 -0.650711 0.251152 -0.671813 0.0932498 -0.658758 -1.44333 -0.906833 0.320754 0.23725 -0.137796 0.67586 -0.47724 0.229094 0.887327 -0.792588 3.03626 
0.766231 0.0174778 0.920373 1.23022 -0.644441 0.24861 -0.655378 0.0986352 -0.675969 -1.43384 -0.917029 0.318051 0.24553 -0.125424 0.662765 -0.491611 0.22168 0.883637 -0.769955 3.04116 
0.752678 0.0292336 0.921679 1.22579 -0.638182 0.246061 -0.638944 0.104048 -0.69314 -1.42428 -0.927175 0.315372 0.253828 -0.113037 0.649668 -0.505981 0.214254 0.879936 -0.747327 3.04609 
0.739065 0.0409373 0.922938 1.22135 -0.631945 0.243518 -0.622493 0.109476 -0.710275 -1.41467 -0.937277 0.312733 0.262157 -0.100635 0.636566 -0.520352 0.206825 0.876217 -0.724708 3.05102 
0.725398 0.0525938 0.924159 1.21687 -0.625721 0.240962 -0.606043 0.114929 -0.727368 -1.40502 -0.947323 0.310124 0.2705 -0.0882258 0.623469 -0.53472 0.199384 0.872487 -0.702097 3.05596 
0.71167 0.0641945 0.925342 1.21238 -0.619525 0.238401 -0.589583 0.12041 -0.744428 -1.39531 -0.957323 0.307556 0.27887 -0.0758056 0.610381 -0.549097 0.191933 0.868746 -0.67949 3.06092 
0.697881 0.0757461 0.926481 1.20786 -0.61334 0.235833 -0.573112 0.12591 -0.761448 -1.38555 -0.967284 0.305014 0.28726 -0.0633758 0.597289 -0.563461 0.184474 0.864987 -0.656887 3.06589 
0.684031 0.0872534 0.927584 1.20331 -0.607181 0.233262 -0.556641 0.131427 -0.778433 -1.37573 -0.977188 0.302513 0.295668 -0.050925 0.584204 -0.577825 0.177014 0.861217 -0.634297 3.07086 
0.67012 0.098706 0.928641 1.19874 -0.60104 0.230683 -0.540163 0.136969 -0.795389 -1.36587 -0.987045 0.300043 0.304099 -0.0384565 0.571118 -0.592191 0.169543 0.857437 -0.611706 3.07584 
0.65615 0.1101 0.929659 1.19415 -0.59491 0.228102 -0.523686 0.142529 -0.8123 -1.35595 -0.996848 0.297602 0.31255 -0.0259846 0.558034 -0.606548 0.162075 0.85364 -0.589124 3.08083 
0.642122 0.121447 0.930632 1.18952 -0.58881 0.225514 -0.507202 0.14811 -0.829177 -1.34599 -1.0066 0.295193 0.321019 -0.0134968 0.544957 -0.620903 0.154602 0.849835 -0.566548 3.08583 
0.628023 0.132746 0.931566 1.18488 -0.582729 0.222913 -0.490719 0.15371 -0.846019 -1.33597 -1.01632 0.292823 0.329518 -0.000995987 0.53189 -0.635251 0.147118 0.846013 -0.543969 3.09083 
0.61387 0.143987 0.932452 1.1802 -0.576669 0.220314 -0.474221 0.159331 -0.862826 -1.3259 -1.02598 0.290485 0.338031 0.0115145 0.518818 -0.649592 0.139643 0.842187 -0.521396 3.09584 
0.599656 0.155172 0.933295 1.17551 -0.570621 0.217704 -0.457727 0.164967 -0.87961 -1.31578 -1.03559 0.288175 0.346569 0.024043 0.505759 -0.663927 0.132153 0.838345 -0.498827 3.10086 
0.585381 0.166307 0.934092 1.17077 -0.5646 0.215083 -0.441223 0.170629 -0.896348 -1.30562 -1.04517 0.285902 0.355128 0.0365819 0.492706 -0.678255 0.12467 0.834494 -0.476259 3.10588 
0.571048 0.177381 0.93485 1.16602 -0.558606 0.212457 -0.424716 0.176303 -0.913055 -1.29541 -1.05469 0.283664 0.363709 0.0491432 0.479656 -0.692577 0.117183 0.830638 -0.453703 3.1109 
0.556652 0.188408 0.935563 1.16122 -0.552629 0.209824 -0.408212 0.182 -0.929727 -1.28515 -1.06416 0.281453 0.372309 0.0617123 0.466615 -0.706886 0.109689 0.826773 -0.43114 3.11593 
0.542186 0.199377 0.936235 1.15641 -0.54667 0.207182 -0.391697 0.187723 -0.946375 -1.27483 -1.07358 0.279278 0.380924 0.0742891 0.453585 -0.721189 0.102199 0.822904 -0.408586 3.12096 
0.527658 0.210295 0.93686 1.15156 -0.540731 0.204533 -0.375182 0.19346 -0.962986 -1.26447 -1.08296 0.277134 0.38957 0.086883 0.440556 -0.735475 0.0947098 0.819024 -0.386028 3.12601 
0.513071 0.221158 0.937438 1.1467 -0.534818 0.201876 -0.358667 0.199214 -0.979572 -1.25406 -1.09229 0.275026 0.39823 0.0994933 0.427544 -0.74976 0.0872197 0.815137 -0.363481 3.13105 
0.498422 0.231969 0.937974 1.14179 -0.528928 0.199205 -0.342141 0.204981 -0.996115 -1.24361 -1.10157 0.272954 0.40691 0.112113 0.414536 -0.764035 0.0797299 0.811244 -0.340928 3.1361 
0.483715 0.242716 0.938456 1.13687 -0.523055 0.196532 -0.325621 0.21077 -1.01264 -1.23311 -1.11081 0.270908 0.415612 0.124753 0.401542 -0.778292 0.0722462 0.807342 -0.318384 3.14115 
0.468943 0.25341 0.938894 1.13193 -0.517208 0.193845 -0.30909 0.216582 -1.02912 -1.22257 -1.12 0.268894 0.42434 0.137403 0.388555 -0.792537 0.0647582 0.803433 -0.29584 3.14621 
0.454113 0.264051 0.939291 1.12694 -0.511387 0.191156 -0.292557 0.222404 -1.04558 -1.21198 -1.12914 0.266915 0.433079 0.150071 0.375578 -0.806778 0.0572825 0.799521 -0.273296 3.15127 
0.439212 0.274639 0.939644 1.12193 -0.505578 0.188455 -0.27602 0.228242 -1.062 -1.20134 -1.13824 0.264965 0.441841 0.162744 0.362605 -0.820996 0.049809 0.795594 -0.250758 3.15634 
0.424255 0.285171 0.939954 1.11688 -0.499796 0.185746 -0.259485 0.234102 -1.0784 -1.19066 -1.14729 0.263047 0.450622 0.175438 0.349652 -0.83521 0.0423313 0.791668 -0.228224 3.16141 
0.40924 0.295647 0.940212 1.11181 -0.494039 0.183034 -0.242951 0.239972 -1.09476 -1.17993 -1.15629 0.261165 0.45943 0.188143 0.336704 -0.849407 0.0348579 0.787733 -0.205689 3.16648 
0.394162 0.306062 0.940432 1.10671 -0.488296 0.180308 -0.226406 0.245867 -1.11111 -1.16916 -1.16525 0.259308 0.468252 0.200862 0.323777 -0.863589 0.0273912 0.783801 -0.183163 3.17156 
0.379028 0.316426 0.940602 1.10157 -0.482579 0.177574 -0.209861 0.251782 -1.12742 -1.15834 -1.17416 0.257486 0.477091 0.213604 0.310855 -0.877756 0.0199287 0.779853 -0.160637 3.17665 
0.363833 0.326738 0.940719 1.09642 -0.476889 0.174834 -0.193305 0.257704 -1.14371 -1.14748 -1.18303 0.255701 0.485955 0.226352 0.297941 -0.891902 0.0124715 0.775904 -0.138126 3.18173 
0.348598 0.336996 0.940782 1.09119 -0.47122 0.172074 -0.176742 0.263662 -1.15993 -1.13657 -1.19187 0.253925 0.494831 0.239113 0.285044 -0.906037 0.00502772 0.771953 -0.115608 3.18682 
0.333307 0.3472 0.940792 1.08594 -0.465577 0.169316 -0.160168 0.269645 -1.17614 -1.12563 -1.20067 0.252188 0.503721 0.251882 0.272154 -0.920153 -0.00241137 0.768 -0.0930916 3.19191 
0.317959 0.357357 0.940753 1.08065 -0.459959 0.166544 -0.143592 0.275641 -1.19231 -1.11463 -1.20942 0.250484 0.51263 0.264672 0.259283 -0.934259 -0.00985339 0.764042 -0.0705781 3.19701 
0.302555 0.367451 0.940675 1.07534 -0.45436 0.163772 -0.127014 0.28165 -1.20846 -1.1036 -1.21813 0.248806 0.521561 0.277471 0.246427 -0.948348 -0.0172814 0.760076 -0.0480727 3.20212 
0.287087 0.377496 0.940553 1.06999 -0.44878 0.160983 -0.110433 0.28768 -1.22458 -1.09252 -1.22679 0.247154 0.53051 0.290283 0.233584 -0.962417 -0.0247114 0.756104 -0.0255748 3.20722 
0.271571 0.387487 0.940381 1.06462 -0.443228 0.158195 -0.0938498 0.293724 -1.24067 -1.08141 -1.23541 0.245539 0.539483 0.303113 0.220744 -0.976472 -0.03213 0.752133 -0.00308519 3.21234 
0.255997 0.397426 0.940162 1.05921 -0.43769 0.155393 -0.0772634 0.29979 -1.25672 -1.07025 -1.24398 0.243954 0.54847 0.315962 0.207922 -0.990509 -0.0395439 0.748142 0.0194024 3.21747 
0.240365 0.407309 0.939905 1.05378 -0.432177 0.15259 -0.0606631 0.305867 -1.27276 -1.05905 -1.25251 0.242393 0.557471 0.328817 0.195114 -1.00453 -0.0469516 0.744156 0.0418777 3.2226 
0.224675 0.417145 0.939601 1.04831 -0.426681 0.149772 -0.0440641 0.311969 -1.28877 -1.0478 -1.26099 0.240864 0.56649 0.341683 0.182323 -1.01854 -0.054363 0.740163 0.0643542 3.22775 
0.208943 0.426922 0.939248 1.04282 -0.42121 0.146953 -0.0274617 0.318083 -1.30475 -1.03651 -1.26944 0.23937 0.575534 0.354563 0.169542 -1.03253 -0.0617618 0.736161 0.0868161 3.23289 
0.193154 0.436654 0.938851 1.03729 -0.415761 0.144122 -0.0108541 0.32422 -1.3207 -1.02519 -1.27783 0.237905 0.584591 0.367463 0.156773 -1.04651 -0.0691518 0.732154 0.109266 3.23805 
0.177309 0.44633 0.938409 1.03174 -0.410329 0.141292 0.00577108 0.33037 -1.33662 -1.01382 -1.28619 0.236463 0.593668 0.380367 0.144021 -1.06046 -0.0765402 0.728137 0.131712 3.24323 
0.161414 0.455955 0.937922 1.02615 -0.40491 0.138453 0.0223966 0.33654 -1.35252 -1.00241 -1.2945 0.235055 0.602761 0.393284 0.131283 -1.0744 -0.083922 0.724114 0.154146 3.24841 
0.145468 0.46553 0.937399 1.02054 -0.399521 0.135602 0.0390266 0.342732 -1.3684 -0.990963 -1.30277 0.233681 0.611875 0.406215 0.118553 -1.08832 -0.0912992 0.720085 0.176563 3.2536 
0.129476 0.475057 0.936824 1.0149 -0.394149 0.132744 0.0556578 0.348942 -1.38423 -0.97947 -1.31099 0.232326 0.621002 0.419165 0.105844 -1.10224 -0.0986718 0.716054 0.198976 3.25881 
0.11344 0.484522 0.936202 1.00923 -0.388797 0.129887 0.0723002 0.355176 -1.40005 -0.967939 -1.31918 0.231007 0.630153 0.432122 0.0931438 -1.11613 -0.106041 0.712011 0.221376 3.26403 
0.0973547 0.493946 0.935534 1.00352 -0.383459 0.127024 0.088957 0.361431 -1.41583 -0.956371 -1.32732 0.229716 0.639312 0.445095 0.0804542 -1.13001 -0.113401 0.707956 0.243769 3.26927 
0.0812214 0.503326 0.934827 0.99778 -0.378152 0.12415 0.105614 0.3677 -1.43159 -0.944753 -1.33543 0.228451 0.648496 0.458075 0.0677825 -1.14386 -0.120759 0.703897 0.266137 3.27452 
0.0650438 0.512655 0.934073 0.992016 -0.37286 0.121273 0.122277 0.373991 -1.44731 -0.9331 -1.34348 0.227216 0.657692 0.471074 0.0551234 -1.15771 -0.128112 0.699834 0.288497 3.27979 
0.0488211 0.521938 0.933277 0.986211 -0.367581 0.11839 0.138954 0.380295 -1.46301 -0.921401 -1.3515 0.226008 0.666906 0.484077 0.042485 -1.17153 -0.135465 0.695758 0.310839 3.28507 
0.0325504 0.531172 0.932441 0.980384 -0.362322 0.115502 0.155635 0.386629 -1.47868 -0.909661 -1.35947 0.224825 0.676141 0.497094 0.0298532 -1.18535 -0.142812 0.691675 0.333168 3.29038 
0.0162426 0.540362 0.931556 0.97452 -0.357084 0.112609 0.172332 0.392977 -1.49431 -0.897884 -1.3674 0.223682 0.685387 0.510128 0.0172353 -1.19915 -0.150163 0.687583 0.355478 3.2957 
-0.000108854 0.549504 0.930632 0.968635 -0.351871 0.109712 0.189035 0.399348 -1.50992 -0.886063 -1.37529 0.222564 0.694651 0.523164 0.00463271 -1.21293 -0.157502 0.683475 0.377769 3.30104 
-0.0165009 0.558596 0.929667 0.962716 -0.346669 0.106807 0.205743 0.40575 -1.52549 -0.874205 -1.38313 0.221473 0.703927 0.536218 -0.00795713 -1.2267 -0.164846 0.679353 0.400046 3.3064 
-0.0329312 0.567641 0.92866 0.956764 -0.341482 0.103901 0.222465 0.412169 -1.54104 -0.862301 -1.39094 0.220415 0.713221 0.549284 -0.0205375 -1.24045 -0.172182 0.675224 0.422298 3.31178 
-0.0494033 0.576649 0.927606 0.950781 -0.336315 0.100997 0.239189 0.418604 -1.55655 -0.850357 -1.3987 0.219381 0.722537 0.562359 -0.0331049 -1.25419 -0.179522 0.671086 0.444534 3.31719 
-0.0659145 0.585609 0.926509 0.944773 -0.331163 0.09808 0.255933 0.425067 -1.57203 -0.838363 -1.40641 0.218374 0.731871 0.575444 -0.0456662 -1.26792 -0.18686 0.666927 0.466752 3.32262 
-0.0824589 0.594527 0.925369 0.938733 -0.326032 0.095165 0.272683 0.431549 -1.58748 -0.826329 -1.41409 0.217403 0.741218 0.588538 -0.0582074 -1.28163 -0.19419 0.662761 0.488937 3.32807 
-0.0990447 0.603399 0.924189 0.932664 -0.320913 0.0922506 0.289444 0.438058 -1.6029 -0.814251 -1.42172 0.216465 0.750582 0.601645 -0.0707358 -1.29533 -0.20153 0.658577 0.511102 3.33356 
-0.11566 0.612235 0.922964 0.926561 -0.315816 0.0893254 0.306217 0.444591 -1.61828 -0.802128 -1.42931 0.21555 0.759957 0.614759 -0.0832548 -1.30901 -0.20886 0.654378 0.533249 3.33907 
-0.132314 0.62102 0.9217 0.920435 -0.310732 0.0864017 0.322995 0.451149 -1.63363 -0.78996 -1.43685 0.214667 0.769353 0.627886 -0.095755 -1.32269 -0.216199 0.650168 0.555363 3.34462 
-0.148998 0.629772 0.92039 0.914272 -0.305674 0.083479 0.339791 0.457735 -1.64894 -0.777753 -1.44435 0.213811 0.778768 0.641016 -0.108254 -1.33634 -0.223533 0.645941 0.577456 3.35019 
-0.165744 0.638421 0.918962 0.907966 -0.300532 0.0806307 0.356763 0.464356 -1.66409 -0.765485 -1.45198 0.212914 0.788261 0.654285 -0.120876 -1.35012 -0.230858 0.64164 0.599586 3.3557 
-0.182517 0.647024 0.917497 0.901624 -0.295406 0.0777735 0.373753 0.471003 -1.67921 -0.753168 -1.45958 0.212046 0.797766 0.667571 -0.133483 -1.36388 -0.238183 0.637318 0.621693 3.36125 
-0.199324 0.655591 0.915992 0.895247 -0.290301 0.074922 0.390755 0.477677 -1.69429 -0.740802 -1.46712 0.211206 0.807293 0.680866 -0.146085 -1.37763 -0.245508 0.63298 0.643766 3.36683 
-0.216153 0.664118 0.914438 0.888843 -0.285211 0.072068 0.407765 0.484375 -1.70933 -0.728387 -1.47462 0.210402 0.816834 0.69417 -0.158676 -1.39137 -0.252839 0.628614 0.665811 3.37245 
-0.233017 0.672599 0.912851 0.882406 -0.280132 0.0692104 0.424793 0.491105 -1.72432 -0.715925 -1.48207 0.209624 0.826392 0.707486 -0.171255 -1.4051 -0.260177 0.624231 0.687817 3.37811 
-0.249906 0.681049 0.911215 0.875935 -0.275077 0.0663519 0.441841 0.49787 -1.73928 -0.703411 -1.48948 0.208885 0.835966 0.720804 -0.183821 -1.41883 -0.267518 0.619833 0.709792 3.38382 
-0.266828 0.689458 0.90954 0.869435 -0.270033 0.0634897 0.458902 0.504664 -1.75419 -0.690846 -1.49683 0.208173 0.845561 0.734126 -0.196385 -1.43254 -0.274867 0.615411 0.731728 3.38956 
-0.283769 0.697828 0.907818 0.862902 -0.265006 0.0606361 0.475978 0.511488 -1.76906 -0.678236 -1.50414 0.207504 0.855171 0.747461 -0.208933 -1.44624 -0.282225 0.610961 0.753622 3.39535 
-0.300738 0.706159 0.906051 0.856336 -0.259992 0.0577804 0.493072 0.518344 -1.78389 -0.665566 -1.5114 0.206864 0.864802 0.760806 -0.221475 -1.45994 -0.289587 0.606491 0.775479 3.40119 
-0.317725 0.714456 0.904247 0.849737 -0.254998 0.0549189 0.510175 0.52523 -1.79867 -0.652844 -1.51861 0.206258 0.874444 0.774155 -0.234001 -1.47363 -0.296962 0.601993 0.797297 3.40708 
-0.334741 0.722717 0.902401 0.843106 -0.250022 0.0520598 0.527302 0.532153 -1.81339 -0.640068 -1.52576 0.205683 0.884102 0.787508 -0.246523 -1.4873 -0.304343 0.597465 0.819064 3.41301 
-0.35177 0.730935 0.900511 0.836436 -0.24506 0.0492055 0.544438 0.539109 -1.82808 -0.627228 -1.53286 0.205151 0.893781 0.800871 -0.259032 -1.50098 -0.311737 0.592914 0.840789 3.419 
-0.368821 0.739119 0.898573 0.829738 -0.240112 0.0463487 0.561599 0.546099 -1.84271 -0.614333 -1.5399 0.204649 0.90348 0.814236 -0.271536 -1.51463 -0.319145 0.588325 0.862465 3.42504 
-0.385894 0.747263 0.896599 0.823001 -0.235187 0.043499 0.578774 0.553134 -1.85729 -0.601381 -1.54689 0.204186 0.913196 0.82761 -0.284027 -1.52829 -0.326563 0.583714 0.884093 3.43115 
-0.402979 0.75537 0.894574 0.816229 -0.23027 0.0406405 0.595971 0.560201 -1.87181 -0.588361 -1.55383 0.203761 0.922932 0.840987 -0.296515 -1.54194 -0.333994 0.579066 0.905676 3.43731 
-0.420088 0.763445 0.892511 0.809423 -0.225375 0.0377872 0.61319 0.567315 -1.88628 -0.575288 -1.5607 0.203378 0.932676 0.854374 -0.308992 -1.55559 -0.341441 0.574395 0.927198 3.44354 
-0.437216 0.771485 0.8904 0.802576 -0.220493 0.0349378 0.630429 0.574468 -1.90069 -0.562144 -1.56752 0.20303 0.94245 0.867767 -0.321454 -1.56923 -0.348902 0.569678 0.948668 3.44984 
-0.454355 0.779489 0.888241 0.795695 -0.215627 0.0320864 0.647689 0.581663 -1.91504 -0.548936 -1.57427 0.202719 0.952235 0.881173 -0.333916 -1.58287 -0.356375 0.564935 0.97008 3.45621 
-0.471505 0.787456 0.886032 0.788779 -0.210782 0.0292392 0.66497 0.588898 -1.92933 -0.535654 -1.58097 0.20245 0.962042 0.894579 -0.346373 -1.5965 -0.36387 0.56015 0.991432 3.46264 
-0.488667 0.795388 0.883784 0.78182 -0.205949 0.026395 0.682265 0.596176 -1.94355 -0.522306 -1.5876 0.202227 0.971866 0.90798 -0.358817 -1.61012 -0.371376 0.555326 1.01272 3.46915 
-0.505837 0.803285 0.881482 0.774819 -0.201132 0.0235486 0.699589 0.603506 -1.95771 -0.508887 -1.59415 0.202039 0.981711 0.92139 -0.371253 -1.62374 -0.378909 0.550462 1.03393 3.47574 
-0.523023 0.811151 0.879131 0.767785 -0.196332 0.0207072 0.716925 0.610881 -1.9718 -0.495385 -1.60064 0.201901 0.991565 0.934798 -0.383676 -1.63736 -0.386457 0.545549 1.05509 3.48241 
-0.540209 0.818975 0.876733 0.76071 -0.191552 0.0178681 0.734288 0.618304 -1.98582 -0.481809 -1.60707 0.201807 1.00144 0.94821 -0.396094 -1.65096 -0.394029 0.540592 1.07618 3.48917 
-0.557403 0.826768 0.874284 0.753585 -0.186797 0.0150331 0.751683 0.625776 -1.99976 -0.468151 -1.61341 0.201761 1.01134 0.961619 -0.408508 -1.66457 -0.401629 0.535601 1.09719 3.49601 
-0.574607 0.834529 0.871788 0.746414 -0.182059 0.0121991 0.769098 0.633312 -2.01362 -0.454414 -1.61969 0.201765 1.02126 0.975029 -0.420916 -1.67817 -0.40925 0.530553 1.11812 3.50294 
-0.591807 0.842258 0.869228 0.739204 -0.177339 0.00936582 0.78654 0.640895 -2.02741 -0.440589 -1.62588 0.20181 1.03119 0.988444 -0.433308 -1.69176 -0.416888 0.525454 1.13897 3.50998 
-0.60901 0.849948 0.866619 0.731946 -0.172639 0.00653905 0.804007 0.648539 -2.04112 -0.426668 -1.63199 0.201903 1.04114 1.00186 -0.445695 -1.70535 -0.424556 0.520308 1.15974 3.51712 
-0.626219 0.857608 0.86396 0.72464 -0.167954 0.0037046 0.821492 0.656236 -2.05472 -0.412659 -1.63803 0.202055 1.05111 1.01527 -0.458066 -1.71893 -0.432254 0.515102 1.18042 3.52436 
-0.643423 0.865237 0.861239 0.717287 -0.163298 0.000879667 0.839007 0.663998 -2.06825 -0.39856 -1.64398 0.202263 1.0611 1.02867 -0.470433 -1.7325 -0.439983 0.509842 1.201 3.53171 
-0.660623 0.872826 0.858468 0.709877 -0.158662 -0.00194272 0.856547 0.671827 -2.08168 -0.384357 -1.64983 0.202518 1.07111 1.04207 -0.482789 -1.74607 -0.447736 0.504525 1.22149 3.53918 
-0.677816 0.880384 0.855638 0.702416 -0.154049 -0.0047713 0.874116 0.679716 -2.095 -0.370052 -1.65559 0.202832 1.08113 1.05546 -0.495134 -1.75963 -0.455523 0.499142 1.24188 3.54676 
-0.694997 0.887912 0.852745 0.694893 -0.149465 -0.0075896 0.89171 0.687682 -2.10823 -0.355638 -1.66125 0.203204 1.09116 1.06885 -0.507469 -1.77319 -0.463339 0.493703 1.26217 3.55447 
-0.712324 0.895309 0.849795 0.687362 -0.144805 -0.0103393 0.909426 0.695673 -2.12135 -0.341099 -1.66688 0.203669 1.10137 1.08238 -0.519857 -1.78686 -0.471213 0.488135 1.28235 3.56235 
-0.729634 0.902675 0.846785 0.679767 -0.140182 -0.0130903 0.927163 0.703743 -2.13435 -0.326436 -1.67241 0.204201 1.1116 1.0959 -0.532225 -1.80052 -0.479126 0.482489 1.30242 3.57037 
-0.74693 0.910006 0.843704 0.672113 -0.135585 -0.01584 0.944935 0.711889 -2.14723 -0.311654 -1.67783 0.204797 1.12184 1.10942 -0.544587 -1.81418 -0.487071 0.476779 1.32235 3.57853 
-0.764204 0.917302 0.84055 0.664396 -0.131021 -0.01859 0.962738 0.720118 -2.15999 -0.296744 -1.68312 0.205465 1.1321 1.12291 -0.556929 -1.82782 -0.49506 0.470984 1.34217 3.58685 
-0.781462 0.924567 0.837328 0.656607 -0.126483 -0.0213388 0.980566 0.728436 -2.17263 -0.281699 -1.68829 0.206194 1.14237 1.13639 -0.569259 -1.84144 -0.503091 0.465111 1.36185 3.59533 
-0.798691 0.931803 0.834034 0.64875 -0.121989 -0.0240953 0.998421 0.736835 -2.18512 -0.266512 -1.69334 0.207001 1.15266 1.14985 -0.581576 -1.85504 -0.51115 0.459152 1.38138 3.60397 
-0.815888 0.939005 0.83066 0.64081 -0.117531 -0.0268482 1.01632 0.745331 -2.19747 -0.251187 -1.69825 0.207881 1.16296 1.16329 -0.593879 -1.86863 -0.519248 0.453106 1.40078 3.6128 
-0.833053 0.946177 0.827202 0.632795 -0.113101 -0.0296062 1.03423 0.753916 -2.20968 -0.235705 -1.70302 0.208831 1.17326 1.17671 -0.606154 -1.88219 -0.527397 0.446975 1.42001 3.6218 
-0.850184 0.953313 0.823671 0.624691 -0.10871 -0.0323674 1.05218 0.762609 -2.22173 -0.220072 -1.70765 0.20987 1.18358 1.1901 -0.61841 -1.89573 -0.535587 0.44074 1.43909 3.631 
-0.867269 0.960418 0.820048 0.616511 -0.104369 -0.0351343 1.07016 0.771395 -2.23363 -0.204266 -1.71211 0.210981 1.1939 1.20348 -0.630649 -1.90924 -0.543822 0.434415 1.45799 3.64041 
-0.884307 0.967495 0.816337 0.608238 -0.100065 -0.0379141 1.08816 0.780295 -2.24536 -0.188289 -1.71642 0.212178 1.20423 1.21682 -0.642862 -1.92271 -0.552096 0.427984 1.47671 3.65003 
-0.901287 0.974547 0.812528 0.599871 -0.0958208 -0.0407017 1.10618 0.789307 -2.25691 -0.172131 -1.72057 0.213465 1.21456 1.23013 -0.655047 -1.93615 -0.560416 0.421454 1.49525 3.65987 
-0.918214 0.981571 0.808628 0.591401 -0.0916233 -0.0434936 1.12424 0.798431 -2.26828 -0.155787 -1.72453 0.214844 1.22489 1.2434 -0.667206 -1.94954 -0.568778 0.414807 1.51359 3.66994 
-0.935068 0.988567 0.804624 0.582828 -0.087482 -0.0463063 1.14232 0.807674 -2.27946 -0.139245 -1.72832 0.216312 1.23522 1.25663 -0.67933 -1.96288 -0.577192 0.408046 1.53173 3.68025 
-0.951852 0.99554 0.800522 0.574147 -0.0833989 -0.0491406 1.16041 0.817046 -2.29044 -0.122506 -1.7319 0.217871 1.24554 1.26981 -0.691419 -1.97616 -0.585648 0.401161 1.54964 3.69082 
-0.968552 1.00249 0.796313 0.565342 -0.079384 -0.0519872 1.17853 0.82654 -2.30122 -0.105546 -1.73528 0.219536 1.25584 1.28295 -0.703474 -1.98938 -0.594148 0.394157 1.56734 3.70165 
-0.985221 1.00938 0.791997 0.556444 -0.0753937 -0.0548367 1.19669 0.836151 -2.31177 -0.0883557 -1.73847 0.221308 1.26618 1.29606 -0.715484 -2.00256 -0.60269 0.386996 1.58478 3.7128 
-1.00179 1.01625 0.78756 0.54741 -0.0714817 -0.0577059 1.21486 0.845908 -2.32209 -0.0709304 -1.74143 0.223179 1.2765 1.30912 -0.727454 -2.01567 -0.611282 0.379705 1.60198 3.72424 
-1.01825 1.02311 0.783003 0.538242 -0.067647 -0.0606114 1.23305 0.855797 -2.33217 -0.0532651 -1.74416 0.225165 1.28678 1.32211 -0.73937 -2.02867 -0.619913 0.37228 1.61892 3.73598 
-1.03458 1.02995 0.778317 0.528933 -0.0638978 -0.0635455 1.25124 0.865831 -2.34202 -0.0353543 -1.74664 0.227253 1.29703 1.33504 -0.751233 -2.04158 -0.628575 0.364709 1.63557 3.74805 
-1.05079 1.03677 0.773507 0.519478 -0.0602307 -0.0665253 1.26943 0.876015 -2.3516 -0.0171829 -1.74886 0.229455 1.30724 1.34789 -0.763034 -2.05437 -0.637274 0.356996 1.65194 3.76045 
-1.06685 1.0436 0.768564 0.509867 -0.0566701 -0.0695593 1.28759 0.886354 -2.36093 0.00125006 -1.75081 0.231764 1.31741 1.36067 -0.77476 -2.06703 -0.646011 0.349127 1.66802 3.77319 
-1.08275 1.05043 0.76349 0.500085 -0.0532139 -0.0726485 1.30575 0.896844 -2.36999 0.01996 -1.75248 0.234184 1.32752 1.37335 -0.78641 -2.07955 -0.65477 0.341108 1.68377 3.7863 
-1.09849 1.05726 0.75827 0.490139 -0.0498709 -0.0757923 1.32389 0.90749 -2.37877 0.0389574 -1.75386 0.236725 1.33756 1.38596 -0.797981 -2.09191 -0.663541 0.332928 1.6992 3.79978 
-1.11405 1.0641 0.752902 0.480022 -0.0466371 -0.0790011 1.34199 0.918292 -2.38725 0.0582422 -1.75493 0.239383 1.34753 1.39846 -0.809468 -2.10409 -0.672326 0.324581 1.71429 3.81364 
-1.12941 1.07095 0.747399 0.469715 -0.0435288 -0.0822941 1.36005 0.929247 -2.39545 0.0778321 -1.75568 0.242151 1.35741 1.41086 -0.820849 -2.11607 -0.681124 0.31608 1.72902 3.82791 
-1.14455 1.07783 0.741737 0.459221 -0.0405569 -0.0856702 1.37805 0.940364 -2.40336 0.0977272 -1.75611 0.245034 1.3672 1.42316 -0.832126 -2.12784 -0.689915 0.307403 1.74339 3.84259 
-1.15945 1.08473 0.735931 0.448518 -0.037725 -0.0891452 1.39597 0.951625 -2.41096 0.117931 -1.75619 0.24803 1.37689 1.43535 -0.843297 -2.13937 -0.698695 0.298568 1.75738 3.85769 
-1.1741 1.09168 0.729966 0.437615 -0.03505 -0.0927307 1.41382 0.963036 -2.41826 0.138453 -1.75593 0.251136 1.38645 1.44742 -0.854344 -2.15064 -0.707455 0.289565 1.77098 3.87322 
-1.18848 1.09868 0.723848 0.426502 -0.0325325 -0.0964306 1.43156 0.974605 -2.42525 0.15928 -1.75531 0.254357 1.39588 1.45938 -0.865259 -2.16163 -0.716181 0.28039 1.78418 3.88919 
-1.20258 1.10574 0.717576 0.41517 -0.0301819 -0.10026 1.4492 0.986311 -2.43193 0.180422 -1.75433 0.257678 1.40517 1.47121 -0.876034 -2.17231 -0.72486 0.271051 1.79697 3.9056 
-1.21638 1.11286 0.711144 0.403624 -0.0280117 -0.104237 1.46669 0.998162 -2.43831 0.201884 -1.75297 0.261108 1.4143 1.48292 -0.886662 -2.18268 -0.733486 0.261548 1.80934 3.92245 
-1.23025 1.11843 0.708651 0.416301 -0.0277916 -0.111174 1.4616 0.996557 -2.43044 0.208763 -1.75768 0.252206 1.4193 1.48988 -0.874457 -2.18282 -0.737587 0.257859 1.80885 3.92779 
-1.24413 1.12399 0.70614 0.428952 -0.0275874 -0.118116 1.45652 0.994949 -2.42254 0.21565 -1.76236 0.243305 1.4243 1.49683 -0.862238 -2.18293 -0.741675 0.254172 1.80833 3.93315 
-1.25799 1.12953 0.70361 0.44159 -0.0274018 -0.125074 1.45141 0.993358 -2.41465 0.222563 -1.76702 0.234407 1.42929 1.50378 -0.850006 -2.18302 -0.745745 0.250481 1.8078 3.93852 
-1.27186 1.13508 0.701059 0.4542 -0.0272297 -0.132047 1.44631 0.991766 -2.40673 0.229485 -1.77167 0.225525 1.43429 1.51074 -0.837762 -2.18308 -0.749805 0.246793 1.80725 3.94391 
-1.28572 1.14061 0.69849 0.466791 -0.0270715 -0.139034 1.44119 0.990179 -2.3988 0.236424 -1.77628 0.216647 1.43927 1.51769 -0.825505 -2.18311 -0.753855 0.243101 1.80669 3.9493 
-1.29958 1.14613 0.6959 0.479363 -0.0269368 -0.146026 1.43607 0.9886 -2.39086 0.243379 -1.78087 0.207774 1.44425 1.52465 -0.813228 -2.18312 -0.757887 0.239411 1.80611 3.95472 
-1.31343 1.15165 0.693291 0.491913 -0.0268199 -0.153032 1.43094 0.987019 -2.38292 0.250353 -1.78545 0.198917 1.44922 1.5316 -0.800936 -2.1831 -0.761915 0.235722 1.80552 3.96014 
-1.32728 1.15714 0.690663 0.504442 -0.0267175 -0.160045 1.42579 0.985449 -2.37495 0.257341 -1.79 0.190063 1.4542 1.53856 -0.788634 -2.18307 -0.765924 0.232034 1.80491 3.96558 
-1.34112 1.16263 0.68802 0.516951 -0.0266315 -0.167074 1.42063 0.983887 -2.36697 0.264342 -1.79453 0.181216 1.45916 1.54551 -0.776317 -2.18299 -0.769927 0.22834 1.80429 3.97102 
-1.35496 1.16813 0.685349 0.529433 -0.0265569 -0.174116 1.41547 0.98233 -2.35898 0.271358 -1.79905 0.172383 1.46413 1.55246 -0.763987 -2.1829 -0.773907 0.224651 1.80365 3.97649 
-1.36879 1.1736 0.68266 0.541901 -0.0265012 -0.181164 1.4103 0.980777 -2.35098 0.278391 -1.80353 0.163556 1.46908 1.55941 -0.751647 -2.18278 -0.777877 0.220961 1.803 3.98196 
-1.38262 1.17907 0.679959 0.554341 -0.0264594 -0.188227 1.40512 0.979223 -2.34296 0.285437 -1.80799 0.154736 1.47403 1.56637 -0.739291 -2.18264 -0.781834 0.217266 1.80233 3.98745 
-1.39644 1.18453 0.677238 0.56676 -0.0264325 -0.195305 1.39992 0.977677 -2.33493 0.292502 -1.81244 0.145926 1.47898 1.57332 -0.726927 -2.18247 -0.785777 0.21357 1.80165 3.99295 
-1.41026 1.18999 0.674496 0.579162 -0.0264278 -0.202387 1.39472 0.97614 -2.32689 0.299577 -1.81687 0.137123 1.48392 1.58027 -0.714546 -2.18227 -0.789707 0.209871 1.80095 3.99846 
-1.42407 1.19544 0.67174 0.591541 -0.0264416 -0.209484 1.3895 0.974598 -2.31884 0.306673 -1.82126 0.128326 1.48885 1.58722 -0.702156 -2.18205 -0.793627 0.20618 1.80024 4.00399 
-1.43787 1.20088 0.668958 0.603903 -0.026464 -0.216601 1.38428 0.973067 -2.31077 0.313788 -1.82564 0.119538 1.49378 1.59416 -0.689755 -2.1818 -0.797536 0.202482 1.79951 4.00952 
-1.45167 1.20632 0.666159 0.61624 -0.026502 -0.223724 1.37905 0.971538 -2.30269 0.320912 -1.83 0.110766 1.4987 1.60111 -0.677336 -2.18153 -0.801426 0.19878 1.79877 4.01507 
-1.46546 1.21175 0.663347 0.628555 -0.0265658 -0.230856 1.37381 0.970011 -2.29459 0.328058 -1.83434 0.101993 1.50362 1.60805 -0.664915 -2.18123 -0.805308 0.195082 1.79801 4.02063 
-1.47925 1.21718 0.660519 0.640851 -0.0266415 -0.238003 1.36856 0.96849 -2.28648 0.335214 -1.83864 0.093228 1.50853 1.61499 -0.652473 -2.18091 -0.809174 0.191382 1.79724 4.02621 
-1.49303 1.2226 0.657666 0.653122 -0.026729 -0.245157 1.36329 0.966977 -2.27836 0.342392 -1.84293 0.0844745 1.51344 1.62193 -0.640022 -2.18056 -0.813025 0.18768 1.79645 4.0318 
-1.5068 1.22801 0.654801 0.665372 -0.0268403 -0.252323 1.35802 0.965469 -2.27023 0.349583 -1.8472 0.0757267 1.51834 1.62886 -0.627555 -2.18019 -0.816866 0.183981 1.79564 4.0374 
-1.52057 1.23342 0.651917 0.677607 -0.0269641 -0.259504 1.35273 0.963962 -2.26207 0.356786 -1.85144 0.066983 1.52323 1.6358 -0.615084 -2.17979 -0.820688 0.180274 1.79482 4.04302 
-1.53432 1.23882 0.64902 0.689812 -0.0271011 -0.266704 1.34744 0.962459 -2.25391 0.364013 -1.85565 0.0582564 1.52812 1.64272 -0.602605 -2.17937 -0.824507 0.17657 1.79398 4.04864 
-1.54807 1.24423 0.646104 0.701996 -0.0272618 -0.273906 1.34213 0.960957 -2.24573 0.371244 -1.85985 0.0495346 1.53301 1.64965 -0.590107 -2.17892 -0.828303 0.172863 1.79312 4.05429 
-1.5618 1.24962 0.643167 0.71416 -0.0274326 -0.281125 1.33682 0.959459 -2.23753 0.378493 -1.86402 0.0408171 1.53787 1.65657 -0.577594 -2.17844 -0.832095 0.169152 1.79225 4.05994 
-1.57554 1.25502 0.640224 0.726296 -0.0276249 -0.288355 1.33148 0.957972 -2.22932 0.385766 -1.86817 0.0321128 1.54274 1.66349 -0.565083 -2.17793 -0.835868 0.165444 1.79136 4.06561 
-1.58926 1.26041 0.637258 0.738411 -0.027832 -0.295594 1.32615 0.956488 -2.2211 0.393051 -1.87229 0.0234154 1.5476 1.6704 -0.552556 -2.1774 -0.839627 0.16173 1.79045 4.07129 
-1.60298 1.2658 0.634279 0.750511 -0.0280622 -0.302852 1.32079 0.955001 -2.21286 0.400363 -1.8764 0.014732 1.55246 1.67731 -0.540017 -2.17685 -0.843372 0.158016 1.78953 4.07699 
-1.61668 1.27118 0.631278 0.762581 -0.0283013 -0.310114 1.31543 0.953519 -2.2046 0.407682 -1.88047 0.00605649 1.5573 1.68421 -0.527465 -2.17627 -0.847106 0.154292 1.78858 4.0827 
-1.63038 1.27656 0.628264 0.774637 -0.028564 -0.317394 1.31005 0.952043 -2.19632 0.415025 -1.88453 -0.0026175 1.56215 1.69111 -0.514902 -2.17566 -0.85082 0.150574 1.78762 4.08843 
-1.64407 1.28195 0.625237 0.786661 -0.028842 -0.324684 1.30466 0.950568 -2.18804 0.422382 -1.88855 -0.0112839 1.56697 1.698 -0.502325 -2.17503 -0.854526 0.146852 1.78664 4.09417 
-1.65773 1.28733 0.622188 0.798669 -0.0291348 -0.331988 1.29925 0.949095 -2.17973 0.429748 -1.89256 -0.0199393 1.5718 1.70489 -0.489746 -2.17437 -0.858213 0.143132 1.78564 4.09993 
-1.67139 1.29269 0.619118 0.810663 -0.0294405 -0.339303 1.29384 0.947628 -2.17141 0.43714 -1.89653 -0.0285846 1.57662 1.71178 -0.477145 -2.17367 -0.861898 0.139402 1.78461 4.10571 
-1.68504 1.29806 0.61604 0.822626 -0.0297651 -0.346635 1.28841 0.946163 -2.16307 0.444554 -1.90049 -0.0372275 1.58142 1.71867 -0.46454 -2.17295 -0.86556 0.135665 1.78357 4.1115 
-1.69867 1.30343 0.612938 0.834572 -0.0301106 -0.353983 1.28296 0.944698 -2.1547 0.451981 -1.90442 -0.0458545 1.58621 1.72555 -0.451925 -2.17221 -0.869208 0.131931 1.78251 4.1173 
-1.71228 1.30879 0.609825 0.846486 -0.0304719 -0.361335 1.2775 0.943247 -2.14632 0.459424 -1.90832 -0.054479 1.59101 1.73242 -0.4393 -2.17144 -0.872841 0.128194 1.78143 4.12313 
-1.72589 1.31417 0.606695 0.85838 -0.030853 -0.368705 1.27203 0.941798 -2.13793 0.46689 -1.9122 -0.0630948 1.59578 1.73928 -0.426655 -2.17064 -0.876458 0.124451 1.78033 4.12897 
-1.73948 1.31954 0.603552 0.870251 -0.0312511 -0.376093 1.26654 0.940345 -2.12952 0.474372 -1.91606 -0.0716976 1.60055 1.74614 -0.41401 -2.16981 -0.880062 0.120707 1.7792 4.13483 
-1.75306 1.32491 0.600399 0.882094 -0.0316699 -0.383493 1.26104 0.938898 -2.12108 0.48188 -1.91988 -0.0802955 1.6053 1.75298 -0.401356 -2.16896 -0.88365 0.11696 1.77806 4.14069 
-1.76662 1.33028 0.59722 0.893917 -0.032106 -0.3909 1.25552 0.937453 -2.11263 0.489398 -1.92367 -0.0888747 1.61005 1.75982 -0.38869 -2.16806 -0.887228 0.113211 1.77689 4.14658 
-1.78017 1.33566 0.594029 0.905715 -0.0325585 -0.398321 1.24999 0.93601 -2.10416 0.496941 -1.92743 -0.0974531 1.61479 1.76665 -0.376013 -2.16714 -0.890787 0.109454 1.7757 4.15249 
-1.7937 1.34104 0.590829 0.917481 -0.0330415 -0.405753 1.24444 0.934575 -2.09567 0.504501 -1.93118 -0.106018 1.61951 1.77347 -0.363329 -2.1662 -0.894323 0.105697 1.77448 4.15841 
-1.80722 1.34643 0.587608 0.929224 -0.033539 -0.413202 1.23888 0.93314 -2.08716 0.512081 -1.93488 -0.114574 1.62423 1.78028 -0.350634 -2.16522 -0.897848 0.101933 1.77324 4.16436 
-1.82072 1.35181 0.584377 0.940945 -0.0340497 -0.420669 1.23329 0.931701 -2.07862 0.519687 -1.93856 -0.123123 1.62893 1.78708 -0.337925 -2.16422 -0.901359 0.0981707 1.77198 4.17032 
-1.8342 1.35721 0.581127 0.952633 -0.03458 -0.428153 1.2277 0.930269 -2.07007 0.527311 -1.94221 -0.131664 1.63362 1.79387 -0.325214 -2.16318 -0.904848 0.0944023 1.77069 4.1763 
-1.84767 1.36261 0.577868 0.964294 -0.0351396 -0.435642 1.22208 0.928847 -2.06149 0.53495 -1.94583 -0.140197 1.6383 1.80065 -0.312486 -2.16212 -0.908324 0.0906296 1.76937 4.1823 
-1.86111 1.36802 0.574586 0.975933 -0.0357104 -0.443153 1.21646 0.927419 -2.05289 0.542609 -1.94942 -0.148724 1.64296 1.80741 -0.299754 -2.16102 -0.911778 0.0868529 1.76803 4.18832 
-1.87454 1.37343 0.571293 0.987541 -0.0363053 -0.450668 1.21081 0.92599 -2.04428 0.550298 -1.95297 -0.157234 1.64761 1.81415 -0.287007 -2.15989 -0.915213 0.0830744 1.76667 4.19437 
-1.88794 1.37885 0.567987 0.999114 -0.0369194 -0.458203 1.20514 0.924569 -2.03563 0.558009 -1.9565 -0.165745 1.65226 1.82089 -0.274254 -2.15873 -0.918629 0.0792925 1.76527 4.20043 
-1.90133 1.38427 0.564668 1.01067 -0.0375568 -0.465751 1.19945 0.923146 -2.02696 0.565735 -1.95999 -0.174239 1.65688 1.82762 -0.261488 -2.15753 -0.92203 0.0754981 1.76385 4.20651 
-1.9147 1.38971 0.561337 1.0222 -0.0382192 -0.473313 1.19374 0.921728 -2.01826 0.573487 -1.96344 -0.182726 1.66149 1.83433 -0.248716 -2.1563 -0.925412 0.0717006 1.76239 4.21261 
-1.92805 1.39516 0.557983 1.03369 -0.0388992 -0.480898 1.18802 0.92031 -2.00954 0.581265 -1.96686 -0.191196 1.66608 1.84102 -0.235939 -2.15503 -0.928776 0.067899 1.76091 4.21874 
-1.94137 1.40062 0.554619 1.04515 -0.0396064 -0.48849 1.18228 0.918891 -2.0008 0.589059 -1.97025 -0.199664 1.67066 1.8477 -0.223153 -2.15374 -0.93211 0.0640939 1.7594 4.22489 
-1.95467 1.40608 0.551247 1.05658 -0.0403344 -0.496099 1.17651 0.917478 -1.99203 0.596884 -1.9736 -0.208118 1.67521 1.85437 -0.210356 -2.1524 -0.935432 0.060281 1.75785 4.23105 
-1.96794 1.41155 0.547856 1.06799 -0.0410787 -0.503732 1.17072 0.91607 -1.98323 0.604729 -1.97692 -0.216564 1.67976 1.86101 -0.197553 -2.15104 -0.93872 0.0564636 1.75628 4.23725 
-1.9812 1.41705 0.544454 1.07935 -0.0418551 -0.511372 1.16492 0.914658 -1.97441 0.6126 -1.98019 -0.224999 1.68429 1.86763 -0.18474 -2.14963 -0.941997 0.0526401 1.75467 4.24346 
-1.99442 1.42256 0.541036 1.09068 -0.0426487 -0.519023 1.15909 0.91324 -1.96556 0.620488 -1.98343 -0.233424 1.68879 1.87424 -0.171914 -2.14819 -0.945251 0.048813 1.75303 4.2497 
-2.00762 1.42808 0.537607 1.10198 -0.0434705 -0.526697 1.15324 0.91183 -1.95668 0.62841 -1.98663 -0.241839 1.69328 1.88082 -0.159085 -2.14671 -0.948478 0.0449816 1.75135 4.25596 
-2.02079 1.43361 0.534166 1.11325 -0.044318 -0.534392 1.14736 0.910419 -1.94777 0.636357 -1.98979 -0.250245 1.69775 1.88739 -0.146244 -2.1452 -0.951683 0.0411422 1.74964 4.26225 
-2.03393 1.43917 0.530705 1.12448 -0.0451865 -0.542098 1.14146 0.909011 -1.93883 0.64433 -1.99291 -0.258648 1.7022 1.89393 -0.1334 -2.14365 -0.954855 0.0372944 1.74789 4.26856 
-2.04705 1.44474 0.527237 1.13567 -0.0460861 -0.549821 1.13553 0.9076 -1.92986 0.652326 -1.99599 -0.267035 1.70662 1.90045 -0.120544 -2.14206 -0.958004 0.0334428 1.74611 4.27489 
-2.06012 1.45033 0.523746 1.14683 -0.0470068 -0.557556 1.12958 0.906192 -1.92085 0.660346 -1.99903 -0.275419 1.71103 1.90695 -0.107684 -2.14043 -0.961134 0.0295924 1.74429 4.28125 
-2.07317 1.45594 0.520247 1.15795 -0.0479573 -0.565312 1.1236 0.90478 -1.91182 0.668397 -2.00202 -0.283785 1.71541 1.91342 -0.0948143 -2.13876 -0.964234 0.0257313 1.74243 4.28763 
-2.08619 1.46157 0.516738 1.16903 -0.0489337 -0.573089 1.1176 0.903369 -1.90274 0.676475 -2.00496 -0.292148 1.71977 1.91986 -0.0819445 -2.13704 -0.967313 0.0218599 1.74054 4.29404 
-2.09596 1.46287 0.510461 1.16681 -0.0360884 -0.562966 1.12324 0.89383 -1.90339 0.666588 -1.99779 -0.290709 1.724 1.91606 -0.0855274 -2.13144 -0.958664 0.0193609 1.73516 4.29743 
-2.10569 1.46418 0.504156 1.16452 -0.0232823 -0.552863 1.12885 0.884294 -1.90398 0.656748 -1.99056 -0.289262 1.72819 1.91221 -0.0890955 -2.12578 -0.949971 0.0168658 1.72971 4.30084 
-2.11537 1.46552 0.497832 1.16217 -0.0105159 -0.542794 1.13441 0.874751 -1.90452 0.646948 -1.98326 -0.287798 1.73235 1.90833 -0.0926564 -2.12006 -0.941224 0.0143621 1.72422 4.30429 
-2.12501 1.46689 0.491485 1.15976 0.00219231 -0.53276 1.13993 0.86521 -1.90501 0.637183 -1.97589 -0.286309 1.73647 1.90441 -0.0961988 -2.11428 -0.932438 0.0118505 1.71868 4.30777 
-2.13461 1.46828 0.485113 1.15729 0.0148543 -0.522754 1.14541 0.855661 -1.90545 0.62746 -1.96845 -0.284808 1.74057 1.90046 -0.0997269 -2.10843 -0.923604 0.00933968 1.71308 4.31128 
-2.14417 1.4697 0.478714 1.15476 0.0274755 -0.512785 1.15085 0.846114 -1.90586 0.617787 -1.96095 -0.2833 1.74462 1.89646 -0.103246 -2.10252 -0.914724 0.00683181 1.70744 4.31481 
-2.15368 1.47116 0.472291 1.15217 0.0400438 -0.502843 1.15624 0.836561 -1.9062 0.60815 -1.95338 -0.281777 1.74864 1.89244 -0.106756 -2.09654 -0.905803 0.00432037 1.70174 4.31837 
-2.16315 1.47263 0.465853 1.14951 0.0525737 -0.49294 1.16158 0.827015 -1.90651 0.598551 -1.94575 -0.280232 1.75262 1.88837 -0.110246 -2.09051 -0.896827 0.00180322 1.696 4.32195 
-2.17257 1.47414 0.459391 1.14679 0.0650451 -0.483072 1.16688 0.817461 -1.90676 0.588989 -1.93805 -0.278678 1.75657 1.88428 -0.113727 -2.08441 -0.887804 -0.000711388 1.69021 4.32556 
-2.18196 1.47567 0.452913 1.144 0.0774727 -0.473237 1.17214 0.807896 -1.90697 0.579477 -1.93029 -0.277108 1.76047 1.88014 -0.117196 -2.07826 -0.878737 -0.00322243 1.68437 4.32919 
-2.19129 1.47723 0.44641 1.14116 0.0898458 -0.463441 1.17735 0.798332 -1.90714 0.570011 -1.92246 -0.275525 1.76435 1.87597 -0.120654 -2.07204 -0.869622 -0.00573832 1.67849 4.33284 
-2.20059 1.47883 0.439881 1.13826 0.102158 -0.453677 1.18252 0.788767 -1.90726 0.560575 -1.91457 -0.273931 1.76818 1.87176 -0.124098 -2.06575 -0.860462 -0.0082528 1.67256 4.3365 
-2.20984 1.48046 0.433339 1.1353 0.114425 -0.443952 1.18764 0.779192 -1.90733 0.551182 -1.90662 -0.272325 1.77198 1.86752 -0.127535 -2.05941 -0.851251 -0.01076 1.66658 4.34019 
-2.21905 1.48211 0.426777 1.13227 0.126636 -0.434262 1.19271 0.769618 -1.90736 0.54183 -1.8986 -0.270703 1.77574 1.86324 -0.130953 -2.053 -0.841994 -0.0132736 1.66057 4.3439 
-2.22821 1.48379 0.420191 1.12918 0.138799 -0.424618 1.19774 0.760043 -1.90734 0.53252 -1.89053 -0.269065 1.77946 1.85893 -0.134365 -2.04653 -0.832684 -0.0157807 1.6545 4.34763 
-2.23733 1.48551 0.413591 1.12604 0.15091 -0.415012 1.20271 0.750462 -1.90728 0.523254 -1.88239 -0.267422 1.78314 1.85458 -0.137759 -2.04 -0.823333 -0.0182817 1.64839 4.35137 
-2.2464 1.48725 0.406968 1.12282 0.162967 -0.405439 1.20763 0.740882 -1.90716 0.51402 -1.8742 -0.265775 1.78677 1.8502 -0.141145 -2.03341 -0.813933 -0.0207806 1.64225 4.35512 
-2.25543 1.48904 0.400325 1.11955 0.174971 -0.395916 1.21252 0.731288 -1.90701 0.50483 -1.86594 -0.264111 1.79037 1.84577 -0.144524 -2.02676 -0.804477 -0.02327 1.63607 4.35888 
-2.26441 1.49084 0.393668 1.11622 0.186918 -0.386429 1.21734 0.721692 -1.90681 0.49568 -1.85762 -0.262435 1.79393 1.84131 -0.147886 -2.02005 -0.794974 -0.0257624 1.62984 4.36266 
-2.27335 1.49269 0.386998 1.11283 0.198803 -0.376991 1.22213 0.712095 -1.90657 0.486569 -1.84925 -0.260757 1.79745 1.83681 -0.151241 -2.01328 -0.78542 -0.0282448 1.62358 4.36645 
-2.28224 1.49456 0.38031 1.10938 0.21063 -0.367597 1.22686 0.702492 -1.90627 0.477499 -1.84081 -0.259066 1.80093 1.83228 -0.154587 -2.00644 -0.775826 -0.0307253 1.61728 4.37025 
-2.29109 1.49648 0.3736 1.10587 0.222405 -0.35824 1.23154 0.69288 -1.90594 0.468462 -1.83232 -0.257366 1.80436 1.8277 -0.15791 -1.99955 -0.766175 -0.0332005 1.61094 4.37406 
-2.29989 1.49842 0.366879 1.1023 0.23412 -0.348937 1.23617 0.683272 -1.90556 0.459469 -1.82376 -0.255656 1.80776 1.8231 -0.161227 -1.99259 -0.756477 -0.035666 1.60456 4.37788 
-2.30866 1.50041 0.360146 1.09867 0.24578 -0.339676 1.24075 0.673654 -1.90514 0.450517 -1.81514 -0.253943 1.81112 1.81846 -0.164533 -1.98558 -0.746733 -0.0381278 1.59814 4.38171 
-2.31737 1.50242 0.353396 1.09498 0.257379 -0.330467 1.24529 0.664033 -1.90467 0.441601 -1.80647 -0.252213 1.81443 1.81378 -0.167834 -1.9785 -0.736943 -0.0405825 1.59169 4.38555 
-2.32604 1.50448 0.346636 1.09123 0.268919 -0.321295 1.24976 0.6544 -1.90417 0.432731 -1.79774 -0.250484 1.8177 1.80906 -0.171121 -1.97136 -0.727099 -0.0430276 1.58521 4.38938 
-2.33466 1.50657 0.339857 1.08742 0.280401 -0.312175 1.25419 0.644763 -1.90361 0.423891 -1.78896 -0.248753 1.82092 1.80431 -0.174394 -1.96417 -0.717204 -0.045464 1.5787 4.39323 
-2.34324 1.50869 0.333066 1.08355 0.291825 -0.303099 1.25856 0.635126 -1.90301 0.415097 -1.78012 -0.247006 1.8241 1.79952 -0.177666 -1.95691 -0.707262 -0.0478944 1.57214 4.39708 
-2.35177 1.51086 0.326267 1.07963 0.303181 -0.294075 1.26288 0.625484 -1.90238 0.406341 -1.77122 -0.245252 1.82724 1.79469 -0.180924 -1.9496 -0.697274 -0.0503147 1.56557 4.40093 
-2.36026 1.51307 0.31945 1.07565 0.314483 -0.28511 1.26715 0.615832 -1.9017 0.397621 -1.76227 -0.2435 1.83033 1.78983 -0.184178 -1.94223 -0.687229 -0.0527202 1.55896 4.40479 
-2.36869 1.51531 0.312625 1.07162 0.32572 -0.276186 1.27137 0.606173 -1.90097 0.388941 -1.75327 -0.241742 1.83338 1.78492 -0.187414 -1.9348 -0.677143 -0.0551149 1.55231 4.40864 
-2.37709 1.5176 0.305794 1.06752 0.336892 -0.267312 1.27553 0.59651 -1.9002 0.380299 -1.7442 -0.239973 1.83638 1.77998 -0.190649 -1.92731 -0.667007 -0.0575073 1.54565 4.41249 
-2.3854 1.51991 0.298934 1.06337 0.348022 -0.258463 1.27965 0.586844 -1.89937 0.371692 -1.73512 -0.23823 1.8393 1.77496 -0.193893 -1.91978 -0.656823 -0.0598738 1.53897 4.4163 
-2.39366 1.52226 0.292067 1.05916 0.359094 -0.249667 1.28371 0.577173 -1.8985 0.363115 -1.72597 -0.236486 1.84218 1.76991 -0.197126 -1.91218 -0.646587 -0.0622349 1.53226 4.4201 
-2.40188 1.52465 0.285195 1.0549 0.370101 -0.240924 1.28772 0.567493 -1.89759 0.354572 -1.71677 -0.234731 1.84501 1.76481 -0.200354 -1.90454 -0.636304 -0.0645767 1.52553 4.4239 
-2.41005 1.52708 0.278316 1.05058 0.381055 -0.232234 1.29167 0.557804 -1.89664 0.346074 -1.70753 -0.232981 1.84779 1.75968 -0.203576 -1.89683 -0.625979 -0.0669102 1.51878 4.42769 
-2.41816 1.52956 0.271423 1.04621 0.391941 -0.223593 1.29557 0.548104 -1.89564 0.337612 -1.69823 -0.23123 1.85053 1.75451 -0.206782 -1.88908 -0.615603 -0.0692353 1.51199 4.43148 
-2.42624 1.53208 0.264529 1.04178 0.402763 -0.215005 1.29942 0.538404 -1.89461 0.329177 -1.68889 -0.229479 1.85321 1.7493 -0.209991 -1.88126 -0.605182 -0.0715435 1.50519 4.43526 
-2.43426 1.53464 0.257633 1.03731 0.413532 -0.206473 1.30321 0.528694 -1.89354 0.320792 -1.67949 -0.227729 1.85585 1.74405 -0.213192 -1.87339 -0.594713 -0.0738362 1.49836 4.43903 
-2.44224 1.53725 0.250726 1.03278 0.42423 -0.197994 1.30695 0.518981 -1.89242 0.312433 -1.67005 -0.225977 1.85844 1.73877 -0.216392 -1.86546 -0.584195 -0.0761198 1.49151 4.4428 
-2.45016 1.5399 0.243811 1.02819 0.43487 -0.189564 1.31064 0.509263 -1.89127 0.304112 -1.66056 -0.22423 1.86097 1.73344 -0.219583 -1.85749 -0.573633 -0.0783876 1.48464 4.44656 
-2.45804 1.54259 0.236897 1.02357 0.445444 -0.181193 1.31427 0.499535 -1.89008 0.29583 -1.65103 -0.222476 1.86347 1.72807 -0.22277 -1.84945 -0.563031 -0.0806394 1.47775 4.4503 
-2.46588 1.54533 0.229981 1.01889 0.455961 -0.172873 1.31785 0.489793 -1.88884 0.287582 -1.64145 -0.220729 1.8659 1.72266 -0.225943 -1.84137 -0.552374 -0.0828785 1.47083 4.45404 
-2.47367 1.54811 0.223063 1.01417 0.466411 -0.164602 1.32137 0.480051 -1.88757 0.279364 -1.63183 -0.218983 1.86829 1.7172 -0.22912 -1.83324 -0.541675 -0.0851087 1.4639 4.45775 
-2.4814 1.55095 0.216141 1.00939 0.476801 -0.156383 1.32484 0.470295 -1.88626 0.271184 -1.62216 -0.217247 1.87064 1.71171 -0.232291 -1.82505 -0.53093 -0.0873162 1.45696 4.46147 
-2.48909 1.55382 0.209221 1.00457 0.487131 -0.148223 1.32826 0.460535 -1.8849 0.263043 -1.61245 -0.215511 1.87292 1.70618 -0.235456 -1.81682 -0.520146 -0.0895106 1.44999 4.46516 
-2.49673 1.55674 0.202298 0.999702 0.4974 -0.140114 1.33162 0.450773 -1.88352 0.254932 -1.6027 -0.213778 1.87516 1.70061 -0.238622 -1.80854 -0.509313 -0.0916886 1.44301 4.46884 
-2.50432 1.55971 0.195376 0.994796 0.507607 -0.132061 1.33492 0.440995 -1.8821 0.246852 -1.5929 -0.212051 1.87734 1.695 -0.24179 -1.8002 -0.498435 -0.093854 1.43601 4.47251 
-2.51186 1.56272 0.188459 0.989843 0.517752 -0.124062 1.33818 0.431214 -1.88063 0.238802 -1.58307 -0.210327 1.87947 1.68934 -0.244952 -1.79182 -0.487523 -0.0959997 1.42901 4.47615 
-2.51935 1.56579 0.181535 0.984845 0.52784 -0.116113 1.34138 0.421425 -1.87913 0.230794 -1.5732 -0.208618 1.88154 1.68364 -0.248114 -1.78339 -0.476565 -0.0981341 1.42198 4.47978 
-2.52679 1.5689 0.174617 0.979799 0.537868 -0.108214 1.34454 0.411623 -1.8776 0.222814 -1.56329 -0.206917 1.88358 1.6779 -0.251271 -1.77491 -0.46556 -0.100248 1.41495 4.48339 
-2.53418 1.57206 0.167701 0.974714 0.54784 -0.100375 1.34764 0.401823 -1.87602 0.214868 -1.55334 -0.205218 1.88555 1.67211 -0.254434 -1.76639 -0.454523 -0.102352 1.4079 4.48697 
-2.54152 1.57527 0.160789 0.969592 0.557751 -0.0925919 1.35069 0.392005 -1.87441 0.206955 -1.54336 -0.203525 1.88747 1.66629 -0.25759 -1.75782 -0.44344 -0.104439 1.40084 4.49055 
-2.54882 1.57852 0.153881 0.964427 0.567605 -0.0848556 1.35368 0.382185 -1.87276 0.199069 -1.53334 -0.201843 1.88933 1.66042 -0.26075 -1.74922 -0.432318 -0.106504 1.39378 4.4941 
-2.55606 1.58183 0.146978 0.95923 0.577399 -0.0771736 1.35663 0.372354 -1.87108 0.191214 -1.52329 -0.200166 1.89115 1.65451 -0.263911 -1.74056 -0.421161 -0.10855 1.3867 4.49763 
-2.56326 1.58518 0.14008 0.953988 0.587132 -0.0695472 1.35952 0.362522 -1.86936 0.183388 -1.5132 -0.198504 1.89291 1.64856 -0.267069 -1.73187 -0.409964 -0.110585 1.37961 4.50114 
-2.5704 1.58858 0.133187 0.94871 0.59681 -0.0619718 1.36237 0.352675 -1.86761 0.175596 -1.50309 -0.196853 1.89463 1.64256 -0.270228 -1.72313 -0.398728 -0.112598 1.37252 4.50463 
-2.57751 1.59204 0.126304 0.9434 0.606432 -0.0544457 1.36516 0.342826 -1.86582 0.167831 -1.49293 -0.195207 1.89628 1.63653 -0.273395 -1.71435 -0.387463 -0.114593 1.36542 4.50809 
-2.58456 1.59554 0.119427 0.938048 0.615998 -0.0469736 1.36791 0.332965 -1.864 0.160096 -1.48274 -0.193574 1.89789 1.63045 -0.276558 -1.70553 -0.376158 -0.116578 1.3583 4.51154 
-2.59156 1.59909 0.112554 0.932664 0.625514 -0.0395446 1.3706 0.323092 -1.86214 0.152386 -1.47253 -0.191956 1.89944 1.62433 -0.279727 -1.69668 -0.364809 -0.118545 1.35119 4.51496 
-2.59851 1.60269 0.105695 0.927246 0.634976 -0.0321754 1.37324 0.313213 -1.86027 0.144706 -1.46229 -0.190344 1.90094 1.61817 -0.282899 -1.68778 -0.353428 -0.120499 1.34407 4.51835 
-2.60543 1.60634 0.0988426 0.921804 0.644377 -0.0248495 1.37585 0.303325 -1.85835 0.137054 -1.45202 -0.188746 1.90238 1.61196 -0.286074 -1.67885 -0.34202 -0.122427 1.33695 4.52172 
-2.61228 1.61005 0.0919945 0.916324 0.653735 -0.0175765 1.37839 0.293434 -1.8564 0.129428 -1.44172 -0.187163 1.90377 1.60572 -0.289257 -1.66988 -0.330574 -0.124336 1.32981 4.52507 
-2.6191 1.61379 0.0851641 0.910818 0.663034 -0.0103564 1.3809 0.283536 -1.85441 0.121828 -1.43139 -0.185593 1.9051 1.59943 -0.29244 -1.66087 -0.319094 -0.126242 1.32268 4.52839 
-2.6187 1.60287 0.0919371 0.912428 0.655935 -0.000385749 1.37744 0.273932 -1.84479 0.122902 -1.43526 -0.186886 1.90137 1.60342 -0.287499 -1.65095 -0.317569 -0.134345 1.32541 4.53286 
-2.61828 1.59197 0.098722 0.914019 0.648807 0.00955573 1.37395 0.264328 -1.83514 0.123989 -1.4391 -0.188192 1.8976 1.60739 -0.282562 -1.64102 -0.316024 -0.142446 1.32813 4.53731 
-2.61783 1.58111 0.105512 0.915603 0.641651 0.0194712 1.37044 0.254721 -1.82547 0.125093 -1.44293 -0.189505 1.89381 1.61133 -0.277637 -1.63106 -0.314466 -0.150541 1.33085 4.54176 
-2.61734 1.57028 0.112316 0.917172 0.634464 0.0293656 1.3669 0.245109 -1.81578 0.126217 -1.44674 -0.190836 1.88998 1.61524 -0.272709 -1.62108 -0.312889 -0.158627 1.33356 4.5462 
-2.61683 1.55948 0.119135 0.918728 0.627255 0.0392252 1.36333 0.235493 -1.80607 0.127352 -1.45055 -0.192175 1.88612 1.61913 -0.267787 -1.61109 -0.311298 -0.166704 1.33627 4.55063 
-2.61627 1.54872 0.125958 0.920274 0.620022 0.0490629 1.35974 0.225867 -1.79635 0.128499 -1.45433 -0.193522 1.88222 1.62299 -0.262879 -1.60108 -0.309682 -0.174775 1.33897 4.55503 
-2.6157 1.53799 0.132794 0.921804 0.612761 0.058872 1.35612 0.216242 -1.7866 0.129664 -1.45811 -0.194875 1.8783 1.62681 -0.257966 -1.59106 -0.308056 -0.182841 1.34166 4.55943 
-2.61509 1.5273 0.139642 0.923321 0.605472 0.0686558 1.35247 0.206615 -1.77683 0.130848 -1.46186 -0.196236 1.87434 1.63062 -0.253068 -1.58101 -0.306417 -0.190901 1.34436 4.56383 
-2.61445 1.51664 0.146494 0.924826 0.598162 0.0784127 1.3488 0.196981 -1.76705 0.132042 -1.46561 -0.197606 1.87036 1.63438 -0.248177 -1.57095 -0.304758 -0.198955 1.34705 4.56821 
-2.61377 1.50601 0.153368 0.926323 0.59082 0.0881432 1.3451 0.187348 -1.75725 0.133252 -1.46934 -0.19899 1.86633 1.63813 -0.243285 -1.56087 -0.303089 -0.206994 1.34973 4.57257 
-2.61307 1.49542 0.160253 0.927805 0.583462 0.0978431 1.34138 0.177711 -1.74743 0.134482 -1.47307 -0.200385 1.86228 1.64184 -0.238407 -1.55078 -0.301408 -0.215024 1.35241 4.57693 
-2.61233 1.48486 0.167145 0.929282 0.576071 0.107526 1.33763 0.168069 -1.73759 0.135719 -1.47677 -0.20179 1.85819 1.64553 -0.233529 -1.54067 -0.299712 -0.223055 1.35509 4.58127 
-2.61156 1.47433 0.174054 0.930745 0.568661 0.117172 1.33386 0.158422 -1.72773 0.136975 -1.48046 -0.203204 1.85408 1.64918 -0.228665 -1.53055 -0.297995 -0.231071 1.35775 4.5856 
-2.61076 1.46384 0.180966 0.932199 0.561225 0.126799 1.33006 0.148777 -1.71785 0.138243 -1.48415 -0.204621 1.84993 1.65281 -0.223805 -1.52041 -0.296267 -0.239084 1.36042 4.58992 
-2.60993 1.45339 0.187893 0.933645 0.553762 0.136403 1.32623 0.139122 -1.70795 0.139523 -1.48783 -0.206055 1.84576 1.65641 -0.218956 -1.51026 -0.294527 -0.247094 1.36308 4.59423 
-2.60906 1.44297 0.194839 0.935075 0.546284 0.145979 1.32238 0.129467 -1.69804 0.140818 -1.49148 -0.207497 1.84154 1.65997 -0.214107 -1.50009 -0.292776 -0.25509 1.36574 4.59852 
-2.60817 1.43257 0.201793 0.936504 0.53878 0.155522 1.31851 0.119811 -1.6881 0.142132 -1.49513 -0.208946 1.83729 1.6635 -0.209267 -1.48991 -0.291008 -0.263085 1.36839 4.60281 
-2.60724 1.42222 0.208762 0.937915 0.531253 0.165049 1.31461 0.110146 -1.67815 0.143453 -1.49876 -0.210409 1.83302 1.66701 -0.204441 -1.47971 -0.289225 -0.271063 1.37104 4.60708 
-2.60628 1.4119 0.21574 0.939322 0.523699 0.174552 1.31069 0.100481 -1.66817 0.144792 -1.50239 -0.211884 1.82872 1.67049 -0.199625 -1.46951 -0.287426 -0.279043 1.37368 4.61134 
-2.60528 1.40162 0.222735 0.940715 0.516132 0.184028 1.30674 0.090807 -1.65818 0.146137 -1.506 -0.213367 1.82438 1.67394 -0.194814 -1.45929 -0.285621 -0.287009 1.37633 4.61559 
-2.60426 1.39137 0.22974 0.942101 0.508539 0.193481 1.30277 0.0811302 -1.64817 0.147502 -1.5096 -0.214855 1.82002 1.67735 -0.190015 -1.44907 -0.283796 -0.294973 1.37896 4.61983 
-2.6032 1.38115 0.236762 0.943485 0.500922 0.202909 1.29878 0.0714564 -1.63815 0.148874 -1.51318 -0.216359 1.81561 1.68073 -0.18523 -1.43882 -0.281965 -0.302925 1.3816 4.62405 
-2.60211 1.37096 0.243794 0.944864 0.49329 0.212311 1.29475 0.0617815 -1.6281 0.150264 -1.51676 -0.217875 1.81118 1.68408 -0.180446 -1.42858 -0.280116 -0.310874 1.38423 4.62826 
-2.60099 1.36082 0.250841 0.946234 0.485635 0.221682 1.29071 0.0520975 -1.61804 0.151669 -1.52033 -0.219395 1.80673 1.6874 -0.175678 -1.41831 -0.278264 -0.318813 1.38686 4.63245 
-2.59984 1.3507 0.257902 0.947594 0.477961 0.231033 1.28664 0.0424117 -1.60796 0.153083 -1.52389 -0.220924 1.80224 1.69069 -0.170914 -1.40804 -0.276397 -0.326744 1.38948 4.63664 
-2.59866 1.34062 0.26498 0.948952 0.470269 0.240358 1.28256 0.0327255 -1.59787 0.154505 -1.52743 -0.222469 1.79771 1.69394 -0.166168 -1.39775 -0.274514 -0.334666 1.39211 4.64081 
-2.59744 1.33057 0.272072 0.950301 0.462558 0.249661 1.27844 0.0230313 -1.58776 0.155945 -1.53096 -0.224024 1.79317 1.69717 -0.161433 -1.38745 -0.272624 -0.342581 1.39472 4.64496 
-2.59618 1.32056 0.279176 0.951639 0.454822 0.258948 1.2743 0.0133435 -1.57763 0.157396 -1.5345 -0.225585 1.78858 1.70036 -0.15671 -1.37715 -0.270719 -0.350491 1.39734 4.64911 
-2.5949 1.31058 0.286292 0.952974 0.447071 0.268204 1.27014 0.0036425 -1.56748 0.158864 -1.53801 -0.227163 1.78397 1.70353 -0.151992 -1.36684 -0.268805 -0.358393 1.39995 4.65324 
-2.59358 1.30063 0.293431 0.954302 0.439298 0.277438 1.26597 -0.00605375 -1.55731 0.160337 -1.54152 -0.228748 1.77932 1.70666 -0.147286 -1.35652 -0.266882 -0.366286 1.40256 4.65736 
-2.59224 1.29072 0.30058 0.95563 0.431507 0.28665 1.26176 -0.0157598 -1.54713 0.161824 -1.54501 -0.230344 1.77465 1.70976 -0.142594 -1.34618 -0.264944 -0.374172 1.40517 4.66146 
-2.59086 1.28084 0.307745 0.956948 0.423699 0.295841 1.25753 -0.0254591 -1.53693 0.163319 -1.5485 -0.231955 1.76994 1.71282 -0.137917 -1.33584 -0.262991 -0.382049 1.40778 4.66556 
-2.58944 1.27099 0.314914 0.958245 0.415871 0.305003 1.25329 -0.0351673 -1.52671 0.164835 -1.55196 -0.233564 1.76522 1.71585 -0.133243 -1.32549 -0.261035 -0.389924 1.41037 4.66965 
-2.588 1.26118 0.3221 0.959539 0.408024 0.314144 1.24902 -0.0448751 -1.51646 0.166368 -1.55542 -0.235179 1.76046 1.71884 -0.128585 -1.31513 -0.25907 -0.397795 1.41296 4.67373 
-2.58653 1.2514 0.329293 0.960833 0.400158 0.323261 1.24473 -0.054579 -1.5062 0.167914 -1.55887 -0.236815 1.75567 1.72181 -0.123945 -1.30476 -0.257096 -0.405655 1.41555 4.67779 
-2.58502 1.24166 0.336507 0.962115 0.392274 0.332358 1.24042 -0.0642913 -1.49592 0.169462 -1.5623 -0.238454 1.75086 1.72475 -0.119309 -1.2944 -0.255101 -0.413505 1.41813 4.68184 
-2.58348 1.23195 0.343731 0.963402 0.384368 0.341431 1.23609 -0.0739989 -1.48563 0.171024 -1.56572 -0.240104 1.74601 1.72765 -0.114683 -1.28401 -0.253105 -0.421354 1.42071 4.68588 
-2.5819 1.22227 0.350979 0.964678 0.376452 0.350484 1.23173 -0.083715 -1.47532 0.172599 -1.56915 -0.241768 1.74113 1.73052 -0.110073 -1.27362 -0.251098 -0.429185 1.42329 4.68991 
-2.5803 1.21262 0.358242 0.965951 0.368518 0.359511 1.22736 -0.0934287 -1.465 0.174185 -1.57255 -0.243434 1.73623 1.73335 -0.105482 -1.26323 -0.249083 -0.437013 1.42587 4.69392 
-2.57866 1.20302 0.365518 0.967217 0.360574 0.368515 1.22296 -0.103152 -1.45465 0.175779 -1.57596 -0.24512 1.73129 1.73615 -0.100898 -1.25283 -0.247056 -0.444838 1.42845 4.69791 
-2.577 1.19344 0.372812 0.968481 0.352608 0.377501 1.21855 -0.112869 -1.4443 0.177385 -1.57935 -0.246814 1.72632 1.73892 -0.0963229 -1.24243 -0.245024 -0.452654 1.43103 4.70189 
-2.57529 1.18389 0.380118 0.969746 0.34463 0.386462 1.21411 -0.122596 -1.43392 0.179 -1.58274 -0.248528 1.72134 1.74166 -0.0917721 -1.23202 -0.242977 -0.460456 1.4336 4.70586 
-2.57356 1.17438 0.387442 0.971002 0.336637 0.39541 1.20965 -0.132329 -1.42354 0.180625 -1.58611 -0.250245 1.71631 1.74437 -0.0872339 -1.2216 -0.240925 -0.468255 1.43618 4.70981 
-2.57179 1.1649 0.394782 0.972263 0.328627 0.404328 1.20517 -0.142055 -1.41313 0.182263 -1.58948 -0.251971 1.71126 1.74704 -0.0827056 -1.21119 -0.238857 -0.476043 1.43875 4.71375 
-2.57 1.15545 0.402132 0.973512 0.320608 0.413231 1.20067 -0.151789 -1.40272 0.183916 -1.59284 -0.253714 1.70619 1.74967 -0.0781922 -1.20076 -0.236784 -0.483824 1.44132 4.71768 
-2.56817 1.14604 0.409507 0.974763 0.312566 0.422109 1.19616 -0.161518 -1.39228 0.185571 -1.5962 -0.255459 1.70107 1.75227 -0.0737027 -1.19033 -0.234706 -0.491596 1.44389 4.72159 
-2.56631 1.13666 0.416892 0.97601 0.304516 0.430969 1.19162 -0.171249 -1.38184 0.187237 -1.59953 -0.257224 1.69593 1.75485 -0.0692218 -1.1799 -0.232621 -0.499361 1.44646 4.72548 
-2.56442 1.12731 0.424295 0.977254 0.296449 0.439805 1.18706 -0.180986 -1.37138 0.188911 -1.60287 -0.258991 1.69077 1.75738 -0.0647504 -1.16946 -0.230526 -0.507119 1.44903 4.72936 
-2.5625 1.11799 0.431713 0.978493 0.288369 0.448622 1.18248 -0.190718 -1.3609 0.190596 -1.6062 -0.260773 1.68558 1.75989 -0.0602914 -1.15902 -0.228424 -0.514864 1.4516 4.73324 
-2.56055 1.10871 0.439147 0.979734 0.280276 0.45742 1.17789 -0.200458 -1.3504 0.192292 -1.60952 -0.262568 1.68035 1.76236 -0.0558506 -1.14858 -0.226316 -0.522607 1.45417 4.73709 
-2.55856 1.09946 0.446593 0.980972 0.272168 0.466191 1.17328 -0.210199 -1.3399 0.193996 -1.61284 -0.264374 1.6751 1.7648 -0.0514225 -1.13813 -0.224194 -0.530344 1.45674 4.74093 
-2.55655 1.09024 0.45406 0.982204 0.264043 0.474948 1.16865 -0.21994 -1.32937 0.19571 -1.61615 -0.266182 1.66983 1.7672 -0.0470185 -1.12768 -0.22207 -0.538067 1.4593 4.74475 
-2.5545 1.08105 0.461544 0.983433 0.255908 0.483681 1.164 -0.229679 -1.31884 0.197436 -1.61945 -0.268005 1.66452 1.76958 -0.0426233 -1.11723 -0.219935 -0.545786 1.46187 4.74856 
-2.55242 1.07189 0.469046 0.984664 0.247757 0.492402 1.15933 -0.239428 -1.30829 0.199162 -1.62275 -0.269848 1.6592 1.77192 -0.0382482 -1.10678 -0.217796 -0.553489 1.46444 4.75235 
-2.55032 1.06277 0.476561 0.98589 0.239595 0.501099 1.15464 -0.24917 -1.29773 0.200895 -1.62604 -0.271695 1.65384 1.77423 -0.0338825 -1.09632 -0.215644 -0.561194 1.467 4.75613 
-2.54818 1.05368 0.484092 0.987118 0.231421 0.509772 1.14994 -0.258916 -1.28715 0.202643 -1.62932 -0.273549 1.64846 1.77649 -0.0295364 -1.08586 -0.213493 -0.568883 1.46957 4.75989 
-2.54601 1.04462 0.491643 0.98834 0.223235 0.518428 1.14522 -0.26866 -1.27656 0.204396 -1.63259 -0.275416 1.64304 1.77873 -0.0252038 -1.0754 -0.211334 -0.576564 1.47214 4.76365 
-2.54381 1.03559 0.499206 0.989561 0.215043 0.527068 1.14047 -0.278409 -1.26596 0.206163 -1.63586 -0.277298 1.6376 1.78094 -0.0208878 -1.06494 -0.209164 -0.584237 1.47471 4.76738 
-2.54159 1.02658 0.506782 0.990791 0.206837 0.53568 1.13572 -0.288159 -1.25534 0.207936 -1.63912 -0.279194 1.63214 1.78311 -0.0165919 -1.05448 -0.206984 -0.591905 1.47728 4.7711 
-2.53932 1.01761 0.514381 0.992009 0.198612 0.544282 1.13095 -0.297913 -1.2447 0.209708 -1.64238 -0.281092 1.62665 1.78525 -0.01231 -1.04402 -0.204801 -0.599559 1.47984 4.7748 
-2.53703 1.00868 0.521994 0.993233 0.190388 0.552862 1.12615 -0.307668 -1.23407 0.211497 -1.64563 -0.283004 1.62113 1.78735 -0.00804114 -1.03355 -0.202613 -0.607205 1.48242 4.77849 
-2.53471 0.99977 0.529618 0.994451 0.182141 0.561425 1.12134 -0.31742 -1.22341 0.213294 -1.64887 -0.28493 1.61559 1.78942 -0.00378915 -1.02308 -0.200423 -0.614848 1.48499 4.78216 
-2.53235 0.990886 0.537263 0.995671 0.173885 0.569969 1.11652 -0.32717 -1.21274 0.215096 -1.65211 -0.286865 1.61001 1.79147 0.000447611 -1.01262 -0.198223 -0.622474 1.48756 4.78582 
-2.52998 0.982039 0.544924 0.996883 0.16562 0.578495 1.11167 -0.336921 -1.20205 0.216905 -1.65534 -0.288817 1.60442 1.79347 0.00466586 -1.00215 -0.196013 -0.630093 1.49013 4.78946 
-2.53691 0.976869 0.547913 0.996772 0.168749 0.571482 1.10662 -0.334529 -1.19173 0.210207 -1.64323 -0.283452 1.60668 1.78626 0.00243761 -0.989321 -0.189112 -0.638228 1.48879 4.79787 
-2.54373 0.971806 0.55095 0.996655 0.171844 0.564395 1.1015 -0.332144 -1.18137 0.203543 -1.63109 -0.278131 1.60886 1.77894 0.000145872 -0.976497 -0.182182 -0.646336 1.48746 4.80622 
-2.55045 0.966839 0.554041 0.99654 0.174897 0.557249 1.09634 -0.329759 -1.17097 0.196898 -1.61895 -0.27285 1.61095 1.77151 -0.00220157 -0.963669 -0.17523 -0.654407 1.48614 4.81451 
-2.55708 0.961975 0.557194 0.996415 0.177924 0.550038 1.09111 -0.327385 -1.16053 0.190275 -1.60678 -0.267606 1.61295 1.76396 -0.00460406 -0.950847 -0.168263 -0.662451 1.48484 4.82274 
-2.56361 0.95721 0.560402 0.996288 0.180915 0.542777 1.08584 -0.325009 -1.15005 0.18367 -1.59461 -0.2624 1.61485 1.7563 -0.0070614 -0.938027 -0.161278 -0.670455 1.48355 4.83091 
-2.57004 0.952537 0.563657 0.996168 0.183869 0.535455 1.08051 -0.322633 -1.13954 0.177085 -1.58241 -0.257232 1.61668 1.74855 -0.00957236 -0.925211 -0.154275 -0.678434 1.48225 4.83902 
-2.57638 0.947955 0.566965 0.996049 0.186794 0.528085 1.07513 -0.320259 -1.129 0.170521 -1.57021 -0.252101 1.61842 1.74068 -0.0121444 -0.912398 -0.14725 -0.686377 1.48098 4.84707 
-2.58264 0.943467 0.570321 0.995927 0.189699 0.520671 1.06971 -0.317892 -1.11842 0.163969 -1.55799 -0.247016 1.62007 1.73272 -0.0147604 -0.899591 -0.140211 -0.694286 1.47973 4.85507 
-2.58881 0.939068 0.573736 0.995809 0.192573 0.513204 1.06424 -0.315528 -1.10781 0.157433 -1.54577 -0.24196 1.62164 1.72466 -0.0174342 -0.886787 -0.133157 -0.702165 1.47848 4.86302 
-2.5949 0.934745 0.577193 0.995701 0.195426 0.505697 1.05873 -0.313163 -1.09717 0.150915 -1.53354 -0.236953 1.62313 1.7165 -0.0201591 -0.873995 -0.126087 -0.710019 1.47725 4.8709 
-2.60091 0.930511 0.580697 0.995598 0.198261 0.498151 1.05318 -0.310808 -1.08651 0.144415 -1.52131 -0.231981 1.62454 1.70825 -0.0229353 -0.861206 -0.119006 -0.717844 1.47604 4.87873 
-2.60683 0.926357 0.584251 0.9955 0.20107 0.490555 1.04759 -0.308454 -1.07583 0.137921 -1.50908 -0.227047 1.62587 1.6999 -0.0257534 -0.848427 -0.111911 -0.725632 1.47484 4.8865 
-2.61269 0.922281 0.587857 0.995408 0.203861 0.482921 1.04196 -0.306098 -1.06511 0.131435 -1.49684 -0.22215 1.62713 1.69148 -0.0286251 -0.835656 -0.104806 -0.733395 1.47366 4.89422 
-2.61846 0.918283 0.591501 0.995327 0.206635 0.475251 1.03629 -0.303754 -1.05437 0.124961 -1.4846 -0.217288 1.62831 1.68296 -0.0315396 -0.822894 -0.0976842 -0.741127 1.47249 4.90189 
-2.62417 0.914362 0.595196 0.995246 0.209388 0.467547 1.03059 -0.301408 -1.04362 0.118496 -1.47236 -0.212461 1.62943 1.67435 -0.0345063 -0.810135 -0.0905554 -0.748834 1.47135 4.90951 
-2.6298 0.91051 0.59893 0.995176 0.212127 0.45981 1.02485 -0.299062 -1.03284 0.112044 -1.46012 -0.207677 1.63046 1.66567 -0.0375114 -0.797395 -0.0834108 -0.756517 1.47022 4.91707 
-2.63537 0.906727 0.602709 0.995116 0.214857 0.452044 1.01908 -0.296719 -1.02204 0.105596 -1.44788 -0.202934 1.63142 1.65691 -0.0405605 -0.784657 -0.0762663 -0.764165 1.46911 4.92458 
-2.64087 0.903014 0.606534 0.995061 0.217566 0.444248 1.01328 -0.294385 -1.01123 0.0991563 -1.43564 -0.19822 1.63231 1.64807 -0.043656 -0.771932 -0.0690996 -0.771793 1.46801 4.93204 
-2.64631 0.899367 0.610408 0.995014 0.220255 0.436423 1.00745 -0.292049 -1.00039 0.0927268 -1.4234 -0.193543 1.63314 1.63916 -0.0467998 -0.759215 -0.0619342 -0.779392 1.46694 4.93945 
-2.65169 0.895782 0.614316 0.994977 0.222943 0.428573 1.00159 -0.289715 -0.989537 0.0862982 -1.41116 -0.188896 1.6339 1.63016 -0.0499763 -0.746514 -0.0547584 -0.786962 1.46588 4.94681 
-2.657 0.892261 0.618262 0.994946 0.225616 0.420693 0.995704 -0.287388 -0.978667 0.0798783 -1.39893 -0.184283 1.63459 1.6211 -0.0532007 -0.733815 -0.0475736 -0.794512 1.46483 4.95412 
-2.66226 0.888808 0.622251 0.994931 0.228281 0.412789 0.989784 -0.285063 -0.967789 0.0734618 -1.3867 -0.179712 1.63523 1.61197 -0.056461 -0.72113 -0.0403757 -0.802029 1.46381 4.96139 
-2.66746 0.88541 0.62628 0.994925 0.230935 0.404861 0.983843 -0.282739 -0.956897 0.0670477 -1.37448 -0.175174 1.63579 1.60277 -0.0597614 -0.708456 -0.0331744 -0.809523 1.46281 4.96861 
-2.6726 0.88208 0.630341 0.994922 0.233569 0.396914 0.977869 -0.280417 -0.945988 0.0606357 -1.36225 -0.170664 1.6363 1.5935 -0.0630957 -0.695784 -0.0259689 -0.816995 1.46182 4.97579 
-2.67769 0.878803 0.634442 0.994936 0.236205 0.388941 0.971873 -0.278107 -0.935065 0.0542297 -1.35004 -0.166193 1.63675 1.58417 -0.0664706 -0.683124 -0.0187522 -0.82445 1.46085 4.98292 
-2.68272 0.875581 0.638588 0.99495 0.238826 0.380951 0.965856 -0.275794 -0.924133 0.0478249 -1.33782 -0.161747 1.63713 1.57478 -0.0698891 -0.670481 -0.0115241 -0.831877 1.4599 4.99001 
-2.68771 0.872413 0.642762 0.994984 0.241443 0.372929 0.95981 -0.273479 -0.913186 0.0414281 -1.32562 -0.157335 1.63747 1.56533 -0.0733336 -0.657846 -0.00429423 -0.839282 1.45897 4.99705 
-2.69264 0.869293 0.646972 0.99502 0.244054 0.364898 0.953753 -0.271175 -0.902231 0.0350268 -1.31341 -0.152962 1.63774 1.55581 -0.0768165 -0.645221 0.00294067 -0.846658 1.45805 5.00405 
-2.69751 0.866225 0.651213 0.995074 0.246652 0.356847 0.947669 -0.268869 -0.891265 0.028629 -1.30122 -0.148616 1.63796 1.54624 -0.0803346 -0.632605 0.0101775 -0.85402 1.45716 5.01101 
-2.70235 0.863212 0.655495 0.995132 0.249254 0.348775 0.941562 -0.266573 -0.880288 0.0222282 -1.28903 -0.1443 1.63813 1.5366 -0.0838846 -0.619991 0.0174275 -0.861355 1.45628 5.01793 
-2.70714 0.860249 0.659807 0.995197 0.251844 0.340689 0.93543 -0.264277 -0.869303 0.0158401 -1.27685 -0.140006 1.63824 1.52692 -0.0874649 -0.607396 0.0246769 -0.868671 1.45542 5.0248 
-2.71189 0.857333 0.664151 0.995278 0.254436 0.332587 0.929282 -0.261978 -0.858318 0.00944225 -1.26467 -0.135749 1.63829 1.51717 -0.0910775 -0.594808 0.0319396 -0.875965 1.45458 5.03163 
-2.7166 0.854458 0.668524 0.995354 0.257021 0.324496 0.923137 -0.259679 -0.847324 0.00305014 -1.25251 -0.131526 1.63828 1.50737 -0.0947252 -0.582245 0.0391889 -0.883228 1.45376 5.03842 
-2.72128 0.851629 0.672927 0.995449 0.259598 0.316387 0.916975 -0.257384 -0.836324 -0.00333987 -1.24035 -0.127323 1.63822 1.49752 -0.0983996 -0.569691 0.0464405 -0.89047 1.45296 5.04516 
-2.72591 0.848847 0.677364 0.995545 0.262172 0.308267 0.910799 -0.255088 -0.825323 -0.00972919 -1.2282 -0.123155 1.63811 1.48763 -0.102114 -0.557144 0.0536984 -0.897699 1.45219 5.05186 
-2.7305 0.846101 0.681826 0.995653 0.264751 0.300133 0.904601 -0.252805 -0.814308 -0.0161148 -1.21605 -0.11902 1.63795 1.47768 -0.105852 -0.544606 0.0609631 -0.904905 1.45143 5.05852 
-2.73505 0.843401 0.686317 0.995776 0.267313 0.291987 0.898388 -0.250518 -0.803283 -0.0225096 -1.20392 -0.114907 1.63774 1.46767 -0.109617 -0.532076 0.0682372 -0.91209 1.45068 5.06515 
-2.73956 0.840749 0.690834 0.995901 0.269877 0.283824 0.892161 -0.248234 -0.792261 -0.0288983 -1.19178 -0.110827 1.63749 1.45763 -0.113416 -0.519562 0.0755102 -0.919259 1.44995 5.07174 
-2.74403 0.838131 0.695386 0.996034 0.27244 0.275654 0.885916 -0.245959 -0.781233 -0.0352898 -1.17966 -0.106768 1.63719 1.44754 -0.117238 -0.507056 0.0827882 -0.926408 1.44924 5.07829 
-2.74846 0.835553 0.69996 0.996184 0.274996 0.267466 0.87965 -0.243677 -0.770193 -0.0416841 -1.16754 -0.102741 1.63685 1.4374 -0.121091 -0.494552 0.0900673 -0.933538 1.44855 5.0848 
-2.75286 0.833012 0.704567 0.996335 0.277551 0.259275 0.873377 -0.241408 -0.759152 -0.0480786 -1.15544 -0.0987369 1.63646 1.42722 -0.124967 -0.482065 0.0973493 -0.940647 1.44788 5.09129 
-2.75722 0.830513 0.709195 0.9965 0.280104 0.25107 0.867087 -0.239134 -0.748108 -0.0544767 -1.14334 -0.0947581 1.63603 1.417 -0.128868 -0.469582 0.104642 -0.947736 1.44722 5.09773 
-2.76156 0.828051 0.713856 0.996675 0.282651 0.242855 0.860787 -0.236869 -0.737063 -0.06087 -1.13126 -0.090808 1.63555 1.40673 -0.132798 -0.457107 0.111936 -0.954811 1.44659 5.10414 
-2.76585 0.825623 0.718538 0.996859 0.285199 0.234627 0.854466 -0.234603 -0.726015 -0.067273 -1.11917 -0.0868794 1.63503 1.39642 -0.136743 -0.444641 0.119229 -0.961871 1.44597 5.11051 
-2.77011 0.823231 0.723246 0.997053 0.287739 0.226392 0.848134 -0.232341 -0.714963 -0.0736709 -1.1071 -0.08298 1.63448 1.38607 -0.14072 -0.432188 0.126527 -0.96891 1.44537 5.11686 
-2.77433 0.820871 0.727981 0.997251 0.290282 0.218146 0.841793 -0.230085 -0.703906 -0.0800762 -1.09503 -0.0791028 1.63388 1.37568 -0.144724 -0.419734 0.133832 -0.975934 1.44479 5.12317 
-2.77853 0.818551 0.732735 0.997463 0.292818 0.209892 0.835434 -0.22783 -0.692842 -0.0864896 -1.08298 -0.0752487 1.63324 1.36525 -0.148749 -0.407296 0.141149 -0.982937 1.44421 5.12944 
-2.78269 0.816262 0.737517 0.99768 0.295355 0.201625 0.82907 -0.225579 -0.681783 -0.0928954 -1.07094 -0.0714168 1.63256 1.35478 -0.152796 -0.394864 0.14846 -0.989928 1.44366 5.13569 
-2.78682 0.814004 0.742319 0.997906 0.297891 0.193364 0.822696 -0.223338 -0.670721 -0.0993086 -1.0589 -0.0676184 1.63184 1.34428 -0.156869 -0.382436 0.155778 -0.996898 1.44313 5.1419 
-2.79093 0.811779 0.747147 0.998136 0.300425 0.185087 0.816304 -0.221092 -0.659652 -0.105723 -1.04687 -0.0638334 1.63109 1.33373 -0.160956 -0.370024 0.163093 -1.00385 1.44262 5.14807 
-2.795 0.809585 0.751999 0.998376 0.302961 0.176803 0.809905 -0.218848 -0.648591 -0.112139 -1.03486 -0.060079 1.63029 1.32316 -0.16507 -0.357616 0.170418 -1.0108 1.44212 5.15421 
-2.79906 0.807428 0.756866 0.998627 0.305492 0.168508 0.803496 -0.216612 -0.637519 -0.118555 -1.02284 -0.0563377 1.62945 1.31254 -0.169211 -0.345218 0.177742 -1.01772 1.44164 5.16033 
-2.80307 0.805295 0.76176 0.998887 0.308022 0.160205 0.797077 -0.214377 -0.62645 -0.124978 -1.01084 -0.0526278 1.62859 1.30189 -0.173369 -0.332826 0.185068 -1.02462 1.44118 5.16642 
-2.80707 0.803199 0.766675 0.999152 0.31055 0.151902 0.790639 -0.212144 -0.615382 -0.131404 -0.998842 -0.0489349 1.62768 1.29121 -0.177548 -0.320444 0.192404 -1.03151 1.44074 5.17247 
-2.81102 0.801125 0.771609 0.999425 0.31308 0.143592 0.784194 -0.209919 -0.604311 -0.137839 -0.986856 -0.0452695 1.62674 1.2805 -0.18174 -0.308067 0.199738 -1.03839 1.44031 5.1785 
-2.81496 0.799082 0.776564 0.999708 0.315605 0.13527 0.777742 -0.207692 -0.593235 -0.144274 -0.974876 -0.0416221 1.62576 1.26974 -0.185962 -0.295699 0.207079 -1.04525 1.4399 5.18448 
-2.81887 0.797065 0.781539 0.999996 0.31813 0.126943 0.771284 -0.205469 -0.582161 -0.150709 -0.962907 -0.0380001 1.62476 1.25896 -0.190201 -0.283338 0.214427 -1.05209 1.4395 5.19045 
-2.82276 0.795084 0.786539 1.00029 0.320651 0.118611 0.764809 -0.203253 -0.57109 -0.157152 -0.950951 -0.0343959 1.62371 1.24814 -0.19445 -0.270984 0.221775 -1.05892 1.43912 5.19638 
-2.82662 0.793127 0.791551 1.0006 0.323171 0.110274 0.758335 -0.201038 -0.560019 -0.163598 -0.938995 -0.0308088 1.62263 1.2373 -0.19873 -0.258636 0.229118 -1.06573 1.43876 5.20228 
-2.83045 0.79119 0.796588 1.0009 0.325699 0.101935 0.751843 -0.198831 -0.548947 -0.17004 -0.927058 -0.0272518 1.62151 1.22642 -0.203023 -0.246296 0.236472 -1.07253 1.43841 5.20815 
-2.83427 0.789277 0.801651 1.00123 0.328221 0.093583 0.745345 -0.196628 -0.53787 -0.176488 -0.915126 -0.0237097 1.62037 1.21551 -0.207331 -0.233967 0.243828 -1.07932 1.43809 5.21399 
-2.83806 0.7874 0.806723 1.00155 0.330742 0.0852304 0.738837 -0.194423 -0.526799 -0.182943 -0.903203 -0.0201898 1.61919 1.20458 -0.211666 -0.221638 0.251182 -1.08608 1.43778 5.21981 
-2.84182 0.785542 0.811815 1.00188 0.333263 0.0768744 0.732325 -0.192227 -0.515728 -0.189407 -0.891296 -0.0166908 1.61798 1.19361 -0.216013 -0.209317 0.258548 -1.09284 1.43748 5.22559 
-2.84556 0.78371 0.816925 1.00222 0.335785 0.0685082 0.7258 -0.190028 -0.504657 -0.195868 -0.879389 -0.0132148 1.61674 1.18262 -0.220381 -0.197005 0.265914 -1.09957 1.43721 5.23136 
-2.83454 0.776758 0.812258 0.99475 0.341521 0.0770909 0.724111 -0.189729 -0.50903 -0.20096 -0.871029 -0.00466781 1.60398 1.17662 -0.212738 -0.18709 0.258949 -1.10206 1.43356 5.22935 
-2.82352 0.769809 0.807594 0.987281 0.347264 0.0856658 0.722427 -0.189437 -0.513409 -0.206059 -0.862676 0.0038699 1.59123 1.17061 -0.205093 -0.17718 0.251994 -1.10454 1.42992 5.22734 
-2.81249 0.762868 0.80293 0.979811 0.353001 0.0942414 0.720741 -0.189149 -0.51779 -0.21115 -0.85433 0.0124011 1.57846 1.1646 -0.19746 -0.167271 0.245038 -1.10701 1.42629 5.22533 
-2.80146 0.755938 0.798266 0.972343 0.358728 0.102815 0.719049 -0.188855 -0.522165 -0.216251 -0.845981 0.0209339 1.56569 1.15858 -0.189828 -0.157364 0.238081 -1.10948 1.42266 5.22329 
-2.79043 0.749008 0.793608 0.964879 0.36446 0.11139 0.71735 -0.18857 -0.52654 -0.22135 -0.83763 0.029461 1.5529 1.15255 -0.182199 -0.14746 0.231129 -1.11195 1.41904 5.22124 
-2.77939 0.742089 0.788953 0.95741 0.370184 0.119956 0.715646 -0.188277 -0.53092 -0.226449 -0.829286 0.0379799 1.54012 1.14651 -0.174573 -0.137549 0.224174 -1.11441 1.41543 5.21919 
-2.76834 0.735168 0.784299 0.949941 0.375912 0.128522 0.713942 -0.187989 -0.5353 -0.23155 -0.82094 0.0464916 1.52731 1.14047 -0.166949 -0.127641 0.217227 -1.11686 1.41182 5.21713 
-2.75729 0.728256 0.779647 0.94247 0.381642 0.137079 0.712232 -0.187705 -0.539674 -0.23665 -0.812601 0.055004 1.51451 1.13442 -0.159333 -0.117733 0.21028 -1.11931 1.40822 5.21506 
-2.74623 0.721349 0.775 0.935001 0.387362 0.145642 0.710522 -0.187429 -0.54406 -0.24175 -0.80426 0.0635115 1.50169 1.12836 -0.151719 -0.107831 0.203338 -1.12175 1.40463 5.21297 
-2.73517 0.71445 0.770354 0.927531 0.393085 0.154196 0.708807 -0.187146 -0.548439 -0.246858 -0.795925 0.0720107 1.48887 1.1223 -0.144112 -0.0979183 0.196396 -1.12419 1.40104 5.21088 
-2.7241 0.707555 0.765716 0.920058 0.3988 0.162751 0.707091 -0.186869 -0.55282 -0.251959 -0.787588 0.080504 1.47604 1.11624 -0.136506 -0.0880184 0.18946 -1.12662 1.39746 5.20877 
-2.71303 0.700661 0.761079 0.912584 0.404519 0.171296 0.705369 -0.186586 -0.557196 -0.257062 -0.779263 0.0889902 1.4632 1.11015 -0.128902 -0.0781163 0.18253 -1.12905 1.39389 5.20667 
-2.70195 0.693777 0.756448 0.90511 0.410231 0.179841 0.703642 -0.186309 -0.56158 -0.26217 -0.770929 0.0974825 1.45035 1.10406 -0.121298 -0.0682103 0.175598 -1.13146 1.39032 5.20455 
-2.69087 0.68689 0.751814 0.89764 0.415944 0.188386 0.701917 -0.186036 -0.565958 -0.267277 -0.762605 0.105961 1.4375 1.09797 -0.113702 -0.0583071 0.168667 -1.13388 1.38676 5.20242 
-2.67978 0.680008 0.74719 0.890171 0.421652 0.196923 0.700183 -0.185758 -0.570339 -0.272389 -0.754278 0.114433 1.42463 1.09187 -0.106108 -0.0483997 0.161739 -1.13628 1.38321 5.20028 
-2.66868 0.673136 0.742562 0.8827 0.427362 0.205455 0.698448 -0.185492 -0.574717 -0.277499 -0.745956 0.122901 1.41177 1.08577 -0.0985207 -0.0384993 0.154816 -1.13869 1.37966 5.19812 
-2.65758 0.666268 0.737939 0.875229 0.43306 0.21399 0.69671 -0.18522 -0.5791 -0.28261 -0.737639 0.131371 1.39889 1.07966 -0.0909388 -0.0285993 0.1479 -1.14109 1.37612 5.19596 
-2.64648 0.65941 0.733314 0.86776 0.438765 0.222516 0.694967 -0.184957 -0.583479 -0.287718 -0.729316 0.13983 1.38601 1.07354 -0.083353 -0.0186989 0.140975 -1.14348 1.37259 5.19379 
-2.63537 0.652556 0.728698 0.860289 0.44446 0.231041 0.693221 -0.18469 -0.58786 -0.29283 -0.720999 0.148282 1.37311 1.06742 -0.0757784 -0.00880001 0.134058 -1.14586 1.36907 5.19162 
-2.62425 0.645701 0.724079 0.852813 0.45016 0.239567 0.691478 -0.184426 -0.592246 -0.297943 -0.712682 0.15673 1.36021 1.06129 -0.0682022 0.00110407 0.12714 -1.14824 1.36555 5.18943 
-2.61313 0.638857 0.719469 0.845341 0.455852 0.248083 0.689723 -0.184168 -0.596629 -0.303049 -0.704368 0.165174 1.34731 1.05515 -0.0606274 0.0110006 0.120229 -1.15062 1.36204 5.18723 
-2.602 0.632011 0.714855 0.837872 0.461546 0.256598 0.687969 -0.183905 -0.601017 -0.308166 -0.696063 0.173613 1.33439 1.04902 -0.0530602 0.0209036 0.113317 -1.15299 1.35853 5.18502 
-2.59086 0.625176 0.710247 0.830398 0.467229 0.265109 0.68621 -0.183641 -0.605401 -0.31328 -0.687759 0.182052 1.32146 1.04287 -0.0454982 0.030801 0.10641 -1.15535 1.35503 5.1828 
-2.57973 0.618343 0.705644 0.822921 0.47292 0.27362 0.684443 -0.183385 -0.609788 -0.318393 -0.67945 0.190478 1.30853 1.03671 -0.0379311 0.0407044 0.0995092 -1.15771 1.35153 5.18058 
-2.56858 0.611518 0.701039 0.815451 0.478601 0.282122 0.682682 -0.183129 -0.61417 -0.32351 -0.67115 0.198901 1.29559 1.03055 -0.0303695 0.0505991 0.0926077 -1.16006 1.34805 5.17834 
-2.55743 0.604691 0.696445 0.807971 0.484286 0.290628 0.680908 -0.182876 -0.618559 -0.328628 -0.662845 0.20732 1.28265 1.02438 -0.0228129 0.0605012 0.0857052 -1.16241 1.34457 5.17609 
-2.54627 0.597878 0.691849 0.800501 0.489961 0.299122 0.679132 -0.182629 -0.62294 -0.33375 -0.65455 0.215742 1.26969 1.01821 -0.0152595 0.0703991 0.0788077 -1.16475 1.3411 5.17384 
-2.53512 0.591061 0.687259 0.793024 0.495642 0.307619 0.67735 -0.182376 -0.627327 -0.338863 -0.646252 0.22415 1.25673 1.01203 -0.00771296 0.0802929 0.0719184 -1.16709 1.33763 5.17157 
-2.52395 0.584255 0.682666 0.785548 0.50131 0.31611 0.67557 -0.182131 -0.631711 -0.343981 -0.63796 0.232562 1.24376 1.00584 -0.000169124 0.0901891 0.0650273 -1.16941 1.33416 5.1693 
-2.51277 0.57745 0.678074 0.77807 0.506985 0.324597 0.673787 -0.181877 -0.636099 -0.349098 -0.629666 0.24096 1.23078 0.999653 0.0073669 0.100091 0.0581354 -1.17174 1.33071 5.16701 
-2.50159 0.570647 0.673488 0.770589 0.51266 0.333081 0.672001 -0.18163 -0.64049 -0.35422 -0.621369 0.249352 1.2178 0.993453 0.0149019 0.109981 0.0512497 -1.17405 1.32726 5.16471 
-2.49041 0.563858 0.668906 0.76311 0.518328 0.341566 0.670204 -0.18139 -0.644877 -0.359342 -0.613081 0.257743 1.20481 0.987247 0.0224416 0.119879 0.0443634 -1.17637 1.32382 5.16241 
-2.47922 0.557068 0.664329 0.75563 0.523992 0.350042 0.668412 -0.181149 -0.64926 -0.36447 -0.604799 0.266133 1.19181 0.981033 0.0299716 0.12978 0.0374784 -1.17867 1.32039 5.1601 
-2.46802 0.550281 0.659745 0.748151 0.529656 0.358518 0.666608 -0.180906 -0.653649 -0.369588 -0.596515 0.274511 1.17882 0.974813 0.0374972 0.139671 0.0306052 -1.18098 1.31696 5.15777 
-2.45682 0.543508 0.655169 0.740671 0.535312 0.366992 0.664802 -0.180669 -0.65804 -0.37471 -0.58823 0.282891 1.1658 0.968592 0.0450203 0.149559 0.0237276 -1.18327 1.31354 5.15544 
-2.44562 0.536732 0.650601 0.733195 0.540964 0.375452 0.663001 -0.180435 -0.662427 -0.379833 -0.579951 0.291261 1.15278 0.962361 0.0525468 0.159453 0.0168581 -1.18557 1.31013 5.1531 
-2.4344 0.529967 0.646029 0.725711 0.546613 0.383913 0.661193 -0.180198 -0.66681 -0.384959 -0.571669 0.299623 1.13975 0.956124 0.0600617 0.16935 0.00998752 -1.18785 1.30671 5.15075 
-2.42318 0.523201 0.641456 0.718231 0.552265 0.392377 0.659376 -0.179967 -0.6712 -0.390079 -0.563397 0.307988 1.12672 0.94988 0.067575 0.17924 0.00311445 -1.19013 1.30332 5.14839 
-2.41196 0.516441 0.636892 0.710753 0.557913 0.400833 0.657563 -0.179738 -0.675589 -0.395209 -0.555129 0.316342 1.11368 0.943632 0.0750909 0.18913 -0.00375064 -1.1924 1.29992 5.14601 
-2.40073 0.509685 0.632328 0.703273 0.563559 0.409283 0.655739 -0.179503 -0.679981 -0.400336 -0.546856 0.324689 1.10064 0.937376 0.0825956 0.199023 -0.0106124 -1.19467 1.29653 5.14363 
-2.38949 0.502938 0.62777 0.695791 0.569203 0.417723 0.653913 -0.179278 -0.684369 -0.405459 -0.538588 0.333033 1.08758 0.931114 0.090102 0.20892 -0.0174714 -1.19693 1.29315 5.14125 
-2.37825 0.49619 0.623214 0.688309 0.574843 0.426165 0.652085 -0.179048 -0.688761 -0.41059 -0.530317 0.341378 1.07452 0.92484 0.0976054 0.21881 -0.0243351 -1.19919 1.28977 5.13884 
-2.367 0.489448 0.618659 0.68083 0.580481 0.434602 0.650252 -0.178829 -0.693149 -0.415719 -0.522048 0.349713 1.06145 0.918564 0.105103 0.228702 -0.0311891 -1.20144 1.2864 5.13643 
-2.35574 0.482715 0.614103 0.673346 0.586115 0.443044 0.648412 -0.178604 -0.697546 -0.420853 -0.51379 0.35805 1.04838 0.912288 0.112596 0.238593 -0.03804 -1.20368 1.28304 5.13401 
-2.34448 0.475988 0.609549 0.665861 0.591742 0.451483 0.646572 -0.178379 -0.70194 -0.42599 -0.505529 0.366373 1.03529 0.906003 0.120091 0.24848 -0.0448918 -1.20592 1.27969 5.13159 
-2.33322 0.469262 0.605007 0.658382 0.597367 0.459908 0.644728 -0.178166 -0.706329 -0.431118 -0.497275 0.374699 1.0222 0.899711 0.127576 0.258371 -0.0517349 -1.20816 1.27634 5.12915 
-2.32194 0.462538 0.600459 0.650901 0.602992 0.468332 0.642882 -0.17795 -0.710721 -0.436251 -0.48902 0.383011 1.00911 0.893411 0.13506 0.268258 -0.0585835 -1.21039 1.27299 5.1267 
-2.31067 0.455823 0.595919 0.643416 0.608611 0.476747 0.641031 -0.177728 -0.715113 -0.441381 -0.480771 0.391322 0.996009 0.887104 0.142544 0.278147 -0.0654203 -1.21261 1.26966 5.12424 
-2.29937 0.449116 0.591377 0.635929 0.614231 0.485162 0.639171 -0.17752 -0.71951 -0.44651 -0.472519 0.399633 0.982904 0.880793 0.150022 0.28803 -0.0722617 -1.21482 1.26633 5.12178 
-2.28808 0.44241 0.586845 0.628441 0.619846 0.493568 0.637318 -0.177306 -0.7239 -0.451649 -0.464275 0.40793 0.969784 0.874482 0.157497 0.297921 -0.0790954 -1.21704 1.26301 5.1193 
-2.27678 0.435707 0.582308 0.62096 0.625452 0.501983 0.635453 -0.177099 -0.72829 -0.456779 -0.456028 0.416224 0.956655 0.868155 0.164973 0.307811 -0.0859307 -1.21924 1.25969 5.11682 
-2.26548 0.42901 0.577779 0.613473 0.631063 0.510382 0.63358 -0.176887 -0.732679 -0.461916 -0.447782 0.424519 0.943523 0.861826 0.172435 0.317702 -0.0927619 -1.22145 1.25638 5.11432 
-2.25417 0.422318 0.573249 0.605989 0.63667 0.51878 0.63171 -0.17668 -0.737071 -0.46705 -0.43954 0.432801 0.930381 0.855491 0.179901 0.32759 -0.0995909 -1.22364 1.25308 5.11181 
-2.24285 0.415638 0.568723 0.598499 0.642274 0.527177 0.629836 -0.176478 -0.74147 -0.472189 -0.431305 0.44108 0.917234 0.849152 0.187367 0.337481 -0.106414 -1.22583 1.24978 5.1093 
-2.23153 0.408958 0.564199 0.59101 0.647871 0.535562 0.627962 -0.176269 -0.745859 -0.477329 -0.423068 0.449353 0.904083 0.842803 0.194822 0.347371 -0.11324 -1.22801 1.24649 5.10677 
-2.2202 0.402283 0.559673 0.583523 0.65347 0.54395 0.626077 -0.176071 -0.750256 -0.482469 -0.414838 0.457629 0.890926 0.836448 0.202279 0.357252 -0.120067 -1.23019 1.24321 5.10424 
-2.20886 0.39562 0.555151 0.576032 0.659063 0.552333 0.624192 -0.175869 -0.75465 -0.48761 -0.406609 0.465891 0.877762 0.830091 0.20973 0.367139 -0.126892 -1.23235 1.23994 5.10169 
-2.19751 0.388949 0.550635 0.568541 0.664657 0.560709 0.622299 -0.175676 -0.759039 -0.492748 -0.398374 0.474152 0.864585 0.823724 0.217178 0.377022 -0.133705 -1.23452 1.23667 5.09914 
-2.18616 0.382287 0.546128 0.56105 0.670242 0.569083 0.620402 -0.175479 -0.76343 -0.49789 -0.390149 0.482403 0.851404 0.817353 0.224621 0.386909 -0.140512 -1.23668 1.2334 5.09658 
-2.17481 0.375635 0.541617 0.553563 0.675826 0.577447 0.618503 -0.175285 -0.76783 -0.503025 -0.381929 0.490654 0.838218 0.810971 0.232068 0.396793 -0.147323 -1.23884 1.23015 5.094 
-2.16344 0.368987 0.537108 0.546069 0.681411 0.585811 0.616601 -0.1751 -0.772221 -0.508171 -0.37371 0.498901 0.825022 0.804592 0.2395 0.406679 -0.154132 -1.24099 1.22691 5.09142 
-2.15207 0.362337 0.532602 0.538579 0.686985 0.594168 0.614697 -0.174908 -0.776612 -0.513311 -0.365496 0.50714 0.811823 0.798201 0.246936 0.416559 -0.160938 -1.24313 1.22366 5.08882 
-2.14069 0.355696 0.528098 0.53109 0.692562 0.602523 0.612782 -0.174719 -0.78101 -0.51846 -0.357279 0.515373 0.798614 0.791804 0.254372 0.42644 -0.167732 -1.24527 1.22042 5.08622 
-2.1293 0.34907 0.5236 0.5236 0.69813 0.61087 0.61087 -0.17453 -0.7854 -0.5236 -0.34907 0.5236 0.7854 0.7854 0.2618 0.43633 -0.17453 -1.2474 1.2172 5.0836 

