17
1.6581 0.17453 0.17453 0.17453 -0.034907 -0.17453 -0.17453 -0.5236 -0.69813 -0.5236 -0.87266 -0.17453 0.087266 0.34907 0.17453 0.17453 0.17453 0.18147 -0.80904 2.4791 
1.32813 0.198932 -0.0930638 0.446669 0.265614 -0.094209 -0.0488218 -0.183021 -0.325772 -2.04121 -0.559283 0.543876 -0.120446 0.2153 0.15867 0.189823 -0.0489919 -0.084568 -0.448764 2.44046 
2.55503 -1.68743 -0.0852189 0.710232 0.586762 0.0324206 0.231133 -0.318415 -0.592736 -2.05407 -0.822719 0.79163 0.215022 -0.00920896 0.202898 0.199565 0.309884 -0.181617 -0.464106 2.76066 
2.38238 -1.71331 -0.14496 2.06002 -0.71046 -0.0381649 0.565607 -0.616051 -0.361767 -1.85875 -1.04466 0.781069 -0.0867605 0.370021 0.373633 0.240376 0.126853 -0.308708 -0.234815 2.92315 
2.34664 -1.58754 -0.533296 1.97876 -0.515728 0.0357708 0.722161 -0.748204 -0.186994 -1.74321 -0.97483 0.592717 -0.112206 0.546011 0.723883 -0.150012 -0.73131 -1.13436 1.4359 3.10574 
0.798319 -1.06753 0.366505 2.00655 -0.279702 0.101264 0.699781 -0.291118 -0.00594619 -1.57661 -1.16709 0.250233 -0.265363 0.399534 0.721139 -0.408341 -0.865781 -1.34081 1.56925 2.78588 
-0.0829601 -1.24082 0.697443 1.95126 -0.0401347 0.466627 0.959223 -0.0913393 0.25877 -1.74106 -1.0317 0.221265 -0.533019 0.598268 0.541006 -0.520451 -0.866515 -1.42763 2.10862 3.36846 
-0.759818 0.288663 0.689052 1.49632 -0.395009 0.53598 1.01347 -0.427645 0.379319 -1.57492 -1.26617 -0.0810568 -0.497049 0.897223 0.755896 -0.726544 -0.732495 -1.27118 2.10931 3.57495 
-1.11841 0.304481 0.64573 1.24162 1.26993 1.54482 -1.45989 -0.361368 0.0743442 -1.29964 -1.02603 0.077269 -0.161247 0.867943 0.62652 -0.422052 -0.586395 -1.26495 1.87571 3.96998 
-1.40216 0.316997 0.611448 1.04008 1.10943 1.28267 -0.878638 -0.308924 -0.166982 -1.08181 -0.836012 0.202552 -1.41245 1.25973 1.6261 -0.181108 -0.470786 -1.26003 1.69087 4.28257 
-1.29574 0.450734 0.732893 1.02937 1.35526 0.825954 -1.09601 -0.253085 -0.526952 -0.734957 -0.948291 0.113091 -1.45705 1.55848 0.823541 0.516759 0.00193883 -1.4807 1.72977 4.4866 
-1.53949 0.421005 0.671691 0.881471 1.1631 0.763059 -0.59688 1.63497 -2.16923 -0.971547 -0.773066 0.233133 -0.80131 1.33242 0.659275 0.49324 -0.0496645 -1.41248 1.57988 4.66118 
-1.71584 0.399497 0.627413 -0.485642 2.19486 0.806871 -0.235771 1.09394 -1.75547 -0.837614 -0.646294 0.319981 -0.326895 1.16886 0.540433 0.476224 -0.0869984 -1.36312 1.47144 4.78748 
-1.85672 0.382315 0.592041 -0.141765 1.68488 0.740088 0.0527033 0.661738 -1.34365 -1.5929 0.235947 0.389359 0.0520953 1.03821 0.445495 0.462631 -0.116823 -1.32369 1.38482 4.88838 
-1.97801 0.367522 0.561588 0.154295 1.24582 0.682591 0.301064 0.289634 -1.09525 -1.1171 -0.024361 -0.0801648 1.08528 0.748062 0.363758 0.450928 -0.1425 -1.28975 1.31023 4.97524 
-2.09012 0.353848 0.533437 0.42797 0.839952 0.629442 0.530647 -0.0543363 -0.865635 -0.590864 -0.535762 0.551579 0.863053 0.775732 0.288202 0.44011 -0.166236 -1.25837 1.24129 5.05554 
-2.1293 0.34907 0.5236 0.5236 0.69813 0.61087 0.61087 -0.17453 -0.7854 -0.5236 -0.34907 0.5236 0.7854 0.7854 0.2618 0.43633 -0.17453 -1.2474 1.2172 5.0836 
