1.6581 0.17453 0.17453 0.17453 -0.034907 -0.17453 -0.17453 -0.5236 -0.69813 -0.5236 -0.87266 -0.17453 0.087266 0.34907 0.17453 0.17453 0.17453 0.18147 -0.80904 2.4791 
1.62628 0.245731 0.135786 0.17237 -0.0370781 -0.169641 -0.180391 -0.517901 -0.702876 -0.523103 -0.87647 -0.169424 0.0916504 0.346903 0.180068 0.171139 0.176554 0.179933 -0.811884 2.47924 
1.60227 0.301245 0.104972 0.170209 -0.0392491 -0.164752 -0.186252 -0.512202 -0.707623 -0.522605 -0.880281 -0.164318 0.0960349 0.344736 0.185606 0.167747 0.178578 0.178397 -0.814728 2.47939 
1.58257 0.348101 0.0785131 0.168049 -0.0414202 -0.159862 -0.192113 -0.506503 -0.712369 -0.522108 -0.884091 -0.159212 0.100419 0.34257 0.191145 0.164356 0.180602 0.17686 -0.817572 2.47953 
1.5656 0.38944 0.0548398 0.165888 -0.0435913 -0.154973 -0.197974 -0.500804 -0.717116 -0.521611 -0.887901 -0.154106 0.104804 0.340403 0.196683 0.160964 0.182626 0.175324 -0.820416 2.47968 
1.53695 0.461357 0.0129571 0.161567 -0.0479334 -0.145195 -0.209697 -0.489406 -0.726609 -0.520616 -0.895522 -0.143894 0.113573 0.336069 0.207759 0.154181 0.186673 0.172251 -0.826104 2.47996 
1.51295 0.523771 -0.0240628 0.157246 -0.0522755 -0.135416 -0.221419 -0.478008 -0.736101 -0.519621 -0.903143 -0.133681 0.122342 0.331736 0.218836 0.147399 0.190721 0.169178 -0.831792 2.48025 
1.49203 0.579784 -0.0577686 0.152925 -0.0566177 -0.125638 -0.233141 -0.466611 -0.745594 -0.518626 -0.910763 -0.123469 0.13111 0.327402 0.229912 0.140616 0.194769 0.166105 -0.83748 2.48054 
1.47333 0.631124 -0.0890228 0.148604 -0.0609598 -0.11586 -0.244863 -0.455213 -0.755087 -0.517632 -0.918384 -0.113257 0.139879 0.323068 0.240989 0.133833 0.198817 0.163032 -0.843168 2.48083 
1.45631 0.678873 -0.118364 0.144283 -0.0653019 -0.106081 -0.256585 -0.443815 -0.76458 -0.516637 -0.926005 -0.103045 0.148648 0.318735 0.252065 0.12705 0.202865 0.159959 -0.848856 2.48112 
1.4406 0.72376 -0.146156 0.139962 -0.0696441 -0.0963029 -0.268308 -0.432417 -0.774073 -0.515642 -0.933625 -0.0928329 0.157417 0.314401 0.263142 0.120267 0.206912 0.156886 -0.854544 2.48141 
1.42595 0.766306 -0.172656 0.135641 -0.0739862 -0.0865245 -0.28003 -0.421019 -0.783566 -0.514647 -0.941246 -0.0826208 0.166186 0.310068 0.274218 0.113484 0.21096 0.153812 -0.860231 2.48169 
1.41214 0.806898 -0.198056 0.13132 -0.0783284 -0.0767462 -0.291752 -0.409621 -0.793058 -0.513653 -0.948867 -0.0724086 0.174955 0.305734 0.285295 0.106701 0.215008 0.150739 -0.865919 2.48198 
1.39904 0.845832 -0.222503 0.126999 -0.0826705 -0.0669678 -0.303474 -0.398223 -0.802551 -0.512658 -0.956488 -0.0621965 0.183724 0.3014 0.296371 0.0999186 0.219056 0.147666 -0.871607 2.48227 
1.38653 0.883343 -0.246111 0.122678 -0.0870126 -0.0571894 -0.315196 -0.386825 -0.812044 -0.511663 -0.964108 -0.0519844 0.192493 0.297067 0.307448 0.0931358 0.223104 0.144593 -0.877295 2.48256 
1.3745 0.919617 -0.268972 0.118357 -0.0913548 -0.047411 -0.326919 -0.375427 -0.821537 -0.510669 -0.971729 -0.0417722 0.201261 0.292733 0.318524 0.0863529 0.227151 0.14152 -0.882983 2.48285 
1.36289 0.95481 -0.291162 0.114036 -0.0956969 -0.0376326 -0.338641 -0.36403 -0.83103 -0.509674 -0.97935 -0.0315601 0.21003 0.2884 0.329601 0.07957 0.231199 0.138447 -0.888671 2.48314 
1.35162 0.989049 -0.312743 0.109715 -0.100039 -0.0278542 -0.350363 -0.352632 -0.840523 -0.508679 -0.98697 -0.021348 0.218799 0.284066 0.340677 0.0727872 0.235247 0.135374 -0.894359 2.48342 
1.34064 1.02244 -0.333765 0.105394 -0.104381 -0.0180759 -0.362085 -0.341234 -0.850015 -0.507684 -0.994591 -0.0111358 0.227568 0.279732 0.351753 0.0660043 0.239295 0.132301 -0.900047 2.48371 
1.32989 1.05508 -0.354272 0.101073 -0.108723 -0.00829747 -0.373807 -0.329836 -0.859508 -0.50669 -1.00221 -0.000923695 0.236337 0.275399 0.36283 0.0592215 0.243343 0.129228 -0.905735 2.484 
1.31935 1.08704 -0.374302 0.0967522 -0.113065 0.00148092 -0.38553 -0.318438 -0.869001 -0.505695 -1.00983 0.00928844 0.245106 0.271065 0.373906 0.0524386 0.247391 0.126155 -0.911423 2.48429 
1.29871 1.1492 -0.41305 0.0881102 -0.12175 0.0210377 -0.408974 -0.295642 -0.887987 -0.503705 -1.02507 0.0297127 0.262644 0.262398 0.396059 0.0388729 0.255486 0.120009 -0.922799 2.48487 
1.27848 1.20938 -0.450214 0.0794682 -0.130434 0.0405945 -0.432418 -0.272846 -0.906972 -0.501716 -1.04032 0.050137 0.280181 0.253731 0.418212 0.0253072 0.263582 0.113863 -0.934175 2.48544 
1.25846 1.26791 -0.485946 0.0708262 -0.139118 0.0601512 -0.455863 -0.250051 -0.925958 -0.499727 -1.05556 0.0705613 0.297719 0.245064 0.440365 0.0117415 0.271677 0.107717 -0.945551 2.48602 
1.23848 1.32508 -0.520358 0.0621842 -0.147803 0.079708 -0.479307 -0.227255 -0.944944 -0.497737 -1.0708 0.0909855 0.315257 0.236396 0.462518 -0.00182421 0.279773 0.10157 -0.956926 2.4866 
1.21839 1.38112 -0.553534 0.0535423 -0.156487 0.0992648 -0.502752 -0.204459 -0.963929 -0.495748 -1.08604 0.11141 0.332795 0.227729 0.484671 -0.0153899 0.287869 0.0954243 -0.968302 2.48717 
1.19808 1.4362 -0.585534 0.0449003 -0.165171 0.118822 -0.526196 -0.181663 -0.982915 -0.493758 -1.10128 0.131834 0.350332 0.219062 0.506824 -0.0289556 0.295964 0.0892782 -0.979678 2.48775 
1.17744 1.49048 -0.616396 0.0362583 -0.173855 0.138378 -0.549641 -0.158868 -1.0019 -0.491769 -1.11652 0.152258 0.36787 0.210395 0.528977 -0.0425213 0.30406 0.0831321 -0.991054 2.48833 
1.15635 1.54409 -0.646139 0.0276163 -0.18254 0.157935 -0.573085 -0.136072 -1.02089 -0.489779 -1.13176 0.172683 0.385408 0.201728 0.55113 -0.056087 0.312155 0.076986 -1.00243 2.4889 
1.13472 1.59713 -0.674769 0.0189743 -0.191224 0.177492 -0.596529 -0.113276 -1.03987 -0.48779 -1.147 0.193107 0.402946 0.19306 0.573283 -0.0696527 0.320251 0.0708399 -1.01381 2.48948 
1.11245 1.64968 -0.702272 0.0103324 -0.199908 0.197049 -0.619974 -0.0904802 -1.05886 -0.4858 -1.16225 0.213531 0.420483 0.184393 0.595436 -0.0832185 0.328347 0.0646937 -1.02518 2.49006 
1.08944 1.70181 -0.728619 0.00169037 -0.208592 0.216605 -0.643418 -0.0676845 -1.07784 -0.483811 -1.17749 0.233955 0.438021 0.175726 0.617589 -0.0967842 0.336442 0.0585476 -1.03656 2.49063 
1.06559 1.75359 -0.753765 -0.00695161 -0.217277 0.236162 -0.666863 -0.0448887 -1.09683 -0.481821 -1.19273 0.25438 0.455559 0.167059 0.639742 -0.11035 0.344538 0.0524015 -1.04793 2.49121 
1.04078 1.80505 -0.777646 -0.0155936 -0.225961 0.255719 -0.690307 -0.0220929 -1.11581 -0.479832 -1.20797 0.274804 0.473097 0.158392 0.661894 -0.123916 0.352633 0.0462554 -1.05931 2.49179 
1.0149 1.85624 -0.800178 -0.0242356 -0.234645 0.275276 -0.713751 0.000702879 -1.1348 -0.477843 -1.22321 0.295228 0.490634 0.149724 0.684047 -0.137481 0.360729 0.0401093 -1.07069 2.49236 
0.987825 1.90717 -0.821254 -0.0328776 -0.24333 0.294832 -0.737196 0.0234987 -1.15379 -0.475853 -1.23845 0.315653 0.508172 0.141057 0.7062 -0.151047 0.368825 0.0339632 -1.08206 2.49294 
0.959397 1.95786 -0.840741 -0.0415195 -0.252014 0.314389 -0.76064 0.0462944 -1.17277 -0.473864 -1.25369 0.336077 0.52571 0.13239 0.728353 -0.164613 0.37692 0.027817 -1.09344 2.49352 
0.929455 2.00832 -0.858476 -0.0501615 -0.260698 0.333946 -0.784085 0.0690902 -1.19176 -0.471874 -1.26894 0.356501 0.543248 0.123723 0.750506 -0.178178 0.385016 0.0216709 -1.10481 2.49409 
0.897807 2.05852 -0.874258 -0.0588035 -0.269382 0.353503 -0.807529 0.091886 -1.21074 -0.469885 -1.28418 0.376925 0.560786 0.115056 0.772659 -0.191744 0.393112 0.0155248 -1.11619 2.49467 
0.86423 2.10846 -0.887842 -0.0674455 -0.278067 0.37306 -0.830973 0.114682 -1.22973 -0.467895 -1.29942 0.39735 0.578323 0.106389 0.794812 -0.20531 0.401207 0.00937868 -1.12756 2.49525 
0.828462 2.15809 -0.89893 -0.0760875 -0.286751 0.392616 -0.854418 0.137478 -1.24871 -0.465906 -1.31466 0.417774 0.595861 0.0977213 0.816965 -0.218876 0.409303 0.00323256 -1.13894 2.49582 
0.790193 2.20737 -0.90716 -0.0847294 -0.295435 0.412173 -0.877862 0.160273 -1.2677 -0.463916 -1.3299 0.438198 0.613399 0.0890541 0.839118 -0.232441 0.417398 -0.00291356 -1.15032 2.4964 
0.749055 2.25621 -0.912087 -0.0933714 -0.304119 0.43173 -0.901307 0.183069 -1.28669 -0.461927 -1.34514 0.458622 0.630937 0.0803869 0.861271 -0.246007 0.425494 -0.00905968 -1.16169 2.49698 
0.704605 2.30452 -0.91317 -0.102013 -0.312804 0.451287 -0.924751 0.205865 -1.30567 -0.459937 -1.36038 0.479047 0.648474 0.0717197 0.883424 -0.259573 0.43359 -0.0152058 -1.17307 2.49755 
0.671442 2.35328 -0.946399 -0.0914505 -0.301002 0.457881 -0.900436 0.181455 -1.3157 -0.460242 -1.35765 0.473125 0.659789 0.0529467 0.900261 -0.258877 0.417156 -0.00994793 -1.14674 2.52049 
0.636299 2.40026 -0.975876 -0.0808877 -0.2892 0.464475 -0.876121 0.157046 -1.32572 -0.460546 -1.35492 0.467204 0.671104 0.0341738 0.917098 -0.258182 0.400723 -0.00469006 -1.12041 2.54344 
0.598739 2.44545 -1.00114 -0.0703248 -0.277398 0.47107 -0.851805 0.132636 -1.33575 -0.46085 -1.35218 0.461282 0.682419 0.0154008 0.933935 -0.257486 0.38429 0.000567809 -1.09408 2.56638 
0.558268 2.48878 -1.02163 -0.0597619 -0.265596 0.477664 -0.82749 0.108227 -1.34577 -0.461154 -1.34945 0.455361 0.693734 -0.00337217 0.950772 -0.256791 0.367857 0.00582568 -1.06775 2.58932 
0.514325 2.53017 -1.03671 -0.049199 -0.253794 0.484259 -0.803175 0.0838175 -1.3558 -0.461458 -1.34672 0.449439 0.705049 -0.0221451 0.967609 -0.256095 0.351424 0.0110835 -1.04142 2.61226 
0.466285 2.5695 -1.04563 -0.0386361 -0.241993 0.490853 -0.77886 0.059408 -1.36582 -0.461762 -1.34399 0.443518 0.716363 -0.0409181 0.984446 -0.2554 0.334991 0.0163414 -1.01509 2.6352 
0.413464 2.60659 -1.04754 -0.0280733 -0.230191 0.497448 -0.754544 0.0349985 -1.37585 -0.462066 -1.34125 0.437596 0.727678 -0.0596911 1.00128 -0.254705 0.318557 0.0215993 -0.988758 2.65815 
0.355147 2.64125 -1.04151 -0.0175104 -0.218389 0.504042 -0.730229 0.0105891 -1.38588 -0.46237 -1.33852 0.431675 0.738993 -0.0784641 1.01812 -0.254009 0.302124 0.0268571 -0.962428 2.68109 
0.290629 2.67319 -1.02657 -0.0069475 -0.206587 0.510636 -0.705914 -0.0138204 -1.3959 -0.462674 -1.33579 0.425753 0.750308 -0.097237 1.03496 -0.253314 0.285691 0.032115 -0.936098 2.70403 
0.255849 2.68805 -1.01547 -0.00166606 -0.200686 0.513934 -0.693756 -0.0260252 -1.40091 -0.462826 -1.33442 0.422792 0.755965 -0.106624 1.04338 -0.252966 0.277475 0.0347439 -0.922933 2.7155 
0.219309 2.70211 -1.0018 0.00361537 -0.194785 0.517231 -0.681599 -0.0382299 -1.40593 -0.462978 -1.33305 0.419832 0.761623 -0.11601 1.05179 -0.252618 0.269258 0.0373729 -0.909768 2.72697 
0.180969 2.71531 -0.985483 0.00889681 -0.188884 0.520528 -0.669441 -0.0504346 -1.41094 -0.46313 -1.33169 0.416871 0.76728 -0.125397 1.06021 -0.252271 0.261041 0.0400018 -0.896603 2.73844 
0.140819 2.72761 -0.966453 0.0141783 -0.182983 0.523825 -0.657284 -0.0626394 -1.41595 -0.463282 -1.33032 0.41391 0.772938 -0.134783 1.06863 -0.251923 0.252825 0.0426308 -0.883438 2.74991 
0.0988805 2.73896 -0.944679 0.0194597 -0.177082 0.527123 -0.645126 -0.0748441 -1.42097 -0.463434 -1.32895 0.410949 0.778595 -0.144169 1.07705 -0.251575 0.244608 0.0452597 -0.870273 2.76138 
0.0552137 2.7493 -0.920167 0.0247411 -0.171182 0.53042 -0.632968 -0.0870489 -1.42598 -0.463586 -1.32759 0.407989 0.784252 -0.153556 1.08547 -0.251227 0.236392 0.0478886 -0.857108 2.77286 
0.00992599 2.75858 -0.892972 0.0300226 -0.165281 0.533717 -0.620811 -0.0992536 -1.43099 -0.463738 -1.32622 0.405028 0.78991 -0.162942 1.09389 -0.25088 0.228175 0.0505176 -0.843943 2.78433 
-0.0368239 2.76674 -0.863201 0.035304 -0.15938 0.537014 -0.608653 -0.111458 -1.436 -0.46389 -1.32485 0.402067 0.795567 -0.172329 1.10231 -0.250532 0.219958 0.0531465 -0.830778 2.7958 
-0.0848224 2.77374 -0.831019 0.0405854 -0.153479 0.540311 -0.596496 -0.123663 -1.44102 -0.464042 -1.32349 0.399106 0.801225 -0.181715 1.11072 -0.250184 0.211742 0.0557754 -0.817613 2.80727 
-0.133801 2.77954 -0.796655 0.0458669 -0.147578 0.543609 -0.584338 -0.135868 -1.44603 -0.464194 -1.32212 0.396146 0.806882 -0.191102 1.11914 -0.249837 0.203525 0.0584044 -0.804448 2.81874 
-0.18344 2.7841 -0.760394 0.0511483 -0.141677 0.546906 -0.57218 -0.148073 -1.45104 -0.464346 -1.32075 0.393185 0.81254 -0.200488 1.12756 -0.249489 0.195309 0.0610333 -0.791283 2.83021 
-0.233375 2.7874 -0.722577 0.0564298 -0.135776 0.550203 -0.560023 -0.160277 -1.45605 -0.464498 -1.31939 0.390224 0.818197 -0.209875 1.13598 -0.249141 0.187092 0.0636622 -0.778118 2.84168 
-0.28321 2.78942 -0.683585 0.0617112 -0.129875 0.5535 -0.547865 -0.172482 -1.46107 -0.46465 -1.31802 0.387263 0.823854 -0.219261 1.1444 -0.248793 0.178876 0.0662912 -0.764953 2.85315 
-0.332532 2.79018 -0.643833 0.0669926 -0.123974 0.556797 -0.535707 -0.184687 -1.46608 -0.464802 -1.31665 0.384303 0.829512 -0.228648 1.15282 -0.248446 0.170659 0.0689201 -0.751788 2.86462 
-0.380928 2.78967 -0.603744 0.0722741 -0.118073 0.560095 -0.52355 -0.196892 -1.47109 -0.464954 -1.31529 0.381342 0.835169 -0.238034 1.16123 -0.248098 0.162442 0.071549 -0.738623 2.87609 
-0.428004 2.78792 -0.563739 0.0775555 -0.112172 0.563392 -0.511392 -0.209096 -1.47611 -0.465106 -1.31392 0.378381 0.840827 -0.247421 1.16965 -0.24775 0.154226 0.074178 -0.725458 2.88757 
-0.473396 2.78497 -0.524214 0.082837 -0.106271 0.566689 -0.499235 -0.221301 -1.48112 -0.465258 -1.31256 0.37542 0.846484 -0.256807 1.17807 -0.247403 0.146009 0.0768069 -0.712293 2.89904 
-0.516791 2.78087 -0.485532 0.0881184 -0.10037 0.569986 -0.487077 -0.233506 -1.48613 -0.46541 -1.31119 0.37246 0.852142 -0.266194 1.18649 -0.247055 0.137793 0.0794358 -0.699128 2.91051 
-0.557928 2.77566 -0.448005 0.0933998 -0.0944695 0.573283 -0.474919 -0.24571 -1.49114 -0.465562 -1.30982 0.369499 0.857799 -0.27558 1.19491 -0.246707 0.129576 0.0820648 -0.685963 2.92198 
-0.596605 2.76941 -0.411895 0.0986813 -0.0885686 0.576581 -0.462762 -0.257915 -1.49616 -0.465715 -1.30846 0.366538 0.863456 -0.284967 1.20333 -0.246359 0.121359 0.0846937 -0.672798 2.93345 
-0.632684 2.76218 -0.377405 0.103963 -0.0826677 0.579878 -0.450604 -0.27012 -1.50117 -0.465867 -1.30709 0.363577 0.869114 -0.294353 1.21175 -0.246012 0.113143 0.0873226 -0.659633 2.94492 
-0.666079 2.75404 -0.344686 0.109244 -0.0767667 0.583175 -0.438447 -0.282325 -1.50618 -0.466019 -1.30572 0.360617 0.874771 -0.30374 1.22016 -0.245664 0.104926 0.0899516 -0.646468 2.95639 
-0.69676 2.74505 -0.313835 0.114526 -0.0708658 0.586472 -0.426289 -0.294529 -1.5112 -0.466171 -1.30436 0.357656 0.880429 -0.313126 1.22858 -0.245316 0.0967097 0.0925805 -0.633303 2.96786 
-0.724736 2.73528 -0.284907 0.119807 -0.0649649 0.58977 -0.414131 -0.306734 -1.51621 -0.466323 -1.30299 0.354695 0.886086 -0.322513 1.237 -0.244969 0.0884931 0.0952094 -0.620138 2.97933 
-0.772794 2.71365 -0.232849 0.13037 -0.053163 0.596364 -0.389816 -0.331144 -1.52623 -0.466627 -1.30026 0.348774 0.897401 -0.341286 1.25384 -0.244273 0.07206 0.100467 -0.593808 3.00227 
-0.810925 2.6896 -0.1883 0.140933 -0.0413612 0.602958 -0.365501 -0.355553 -1.53626 -0.466931 -1.29752 0.342852 0.908716 -0.360059 1.27068 -0.243578 0.0556268 0.105725 -0.567478 3.02522 
-0.840042 2.66352 -0.150743 0.151496 -0.0295593 0.609553 -0.341186 -0.379963 -1.54629 -0.467235 -1.29479 0.336931 0.920031 -0.378832 1.28751 -0.242882 0.0391936 0.110983 -0.541148 3.04816 
-0.861138 2.63576 -0.119519 0.162059 -0.0177575 0.616147 -0.31687 -0.404372 -1.55631 -0.467539 -1.29206 0.331009 0.931345 -0.397605 1.30435 -0.242187 0.0227605 0.116241 -0.514818 3.0711 
-0.875189 2.60658 -0.0939204 0.172621 -0.00595565 0.622742 -0.292555 -0.428782 -1.56634 -0.467843 -1.28932 0.325088 0.94266 -0.416378 1.32119 -0.241491 0.00632731 0.121499 -0.488488 3.09404 
-0.883099 2.5762 -0.0732614 0.183184 0.0058462 0.629336 -0.26824 -0.453191 -1.57636 -0.468147 -1.28659 0.319166 0.953975 -0.435151 1.33802 -0.240796 -0.0101059 0.126757 -0.462158 3.11698 
-0.885677 2.54478 -0.0569047 0.193747 0.017648 0.635931 -0.243925 -0.477601 -1.58639 -0.468451 -1.28386 0.313245 0.96529 -0.453924 1.35486 -0.2401 -0.026539 0.132015 -0.435828 3.13993 
-0.883629 2.51248 -0.0442773 0.20431 0.0294499 0.642525 -0.21961 -0.50201 -1.59641 -0.468755 -1.28112 0.307323 0.976605 -0.472697 1.3717 -0.239405 -0.0429722 0.137272 -0.409498 3.16287 
-0.877564 2.47937 -0.0348722 0.214873 0.0412517 0.649119 -0.195294 -0.526419 -1.60644 -0.469059 -1.27839 0.301402 0.98792 -0.49147 1.38853 -0.23871 -0.0594053 0.14253 -0.383168 3.18581 
-0.868005 2.44555 -0.0282455 0.225436 0.0530536 0.655714 -0.170979 -0.550829 -1.61646 -0.469363 -1.27566 0.29548 0.999235 -0.510242 1.40537 -0.238014 -0.0758385 0.147788 -0.356838 3.20875 
-0.855396 2.41107 -0.02401 0.235999 0.0648554 0.662308 -0.146664 -0.575238 -1.62649 -0.469667 -1.27293 0.289559 1.01055 -0.529015 1.42221 -0.237319 -0.0922717 0.153046 -0.330508 3.23169 
-0.827505 2.42935 -0.0729603 0.240481 0.055214 0.670576 -0.153187 -0.584443 -1.61351 -0.47934 -1.27011 0.29949 1.01747 -0.533761 1.42468 -0.242473 -0.10301 0.151236 -0.323712 3.22609 
-0.796851 2.44598 -0.123013 0.244964 0.0455725 0.678843 -0.15971 -0.593647 -1.60052 -0.489013 -1.26729 0.309421 1.02439 -0.538507 1.42714 -0.247627 -0.113748 0.149427 -0.316916 3.22049 
-0.76348 2.46087 -0.174051 0.249446 0.0359311 0.687111 -0.166234 -0.602852 -1.58754 -0.498686 -1.26447 0.319352 1.0313 -0.543253 1.42961 -0.252781 -0.124486 0.147617 -0.310121 3.21488 
-0.727479 2.47395 -0.225917 0.253928 0.0262897 0.695378 -0.172757 -0.612056 -1.57456 -0.508359 -1.26165 0.329283 1.03822 -0.547999 1.43208 -0.257935 -0.135224 0.145808 -0.303325 3.20928 
-0.688981 2.48517 -0.27841 0.258411 0.0166482 0.703646 -0.17928 -0.621261 -1.56157 -0.518032 -1.25884 0.339214 1.04514 -0.552745 1.43455 -0.263089 -0.145962 0.143998 -0.29653 3.20367 
-0.648169 2.49447 -0.331292 0.262893 0.00700677 0.711913 -0.185803 -0.630465 -1.54859 -0.527705 -1.25602 0.349145 1.05206 -0.557491 1.43701 -0.268243 -0.1567 0.142189 -0.289734 3.19807 
-0.605273 2.50178 -0.384284 0.267376 -0.00263468 0.720181 -0.192327 -0.63967 -1.53561 -0.537377 -1.2532 0.359076 1.05897 -0.562237 1.43948 -0.273397 -0.167438 0.140379 -0.282938 3.19247 
-0.560565 2.50709 -0.437079 0.271858 -0.0122761 0.728448 -0.19885 -0.648874 -1.52263 -0.54705 -1.25038 0.369007 1.06589 -0.566983 1.44195 -0.278551 -0.178177 0.13857 -0.276143 3.18686 
-0.514355 2.51037 -0.489347 0.276341 -0.0219176 0.736716 -0.205373 -0.658079 -1.50964 -0.556723 -1.24756 0.378938 1.07281 -0.571729 1.44442 -0.283705 -0.188915 0.13676 -0.269347 3.18126 
-0.466979 2.51162 -0.540747 0.280823 -0.031559 0.744983 -0.211897 -0.667283 -1.49666 -0.566396 -1.24474 0.388869 1.07973 -0.576474 1.44688 -0.288859 -0.199653 0.134951 -0.262552 3.17566 
-0.418787 2.51084 -0.59094 0.285306 -0.0412005 0.753251 -0.21842 -0.676488 -1.48368 -0.576069 -1.24193 0.3988 1.08665 -0.58122 1.44935 -0.294013 -0.210391 0.133141 -0.255756 3.17005 
-0.370133 2.50808 -0.639602 0.289788 -0.0508419 0.761518 -0.224943 -0.685693 -1.47069 -0.585742 -1.23911 0.408731 1.09356 -0.585966 1.45182 -0.299167 -0.221129 0.131332 -0.24896 3.16445 
-0.32136 2.50336 -0.686434 0.294271 -0.0604833 0.769786 -0.231466 -0.694897 -1.45771 -0.595415 -1.23629 0.418662 1.10048 -0.590712 1.45429 -0.304321 -0.231867 0.129522 -0.242165 3.15884 
-0.272787 2.49675 -0.731174 0.298753 -0.0701248 0.778053 -0.23799 -0.704102 -1.44473 -0.605088 -1.23347 0.428593 1.1074 -0.595458 1.45676 -0.309475 -0.242605 0.127713 -0.235369 3.15324 
-0.224704 2.48831 -0.773602 0.303235 -0.0797662 0.786321 -0.244513 -0.713306 -1.43175 -0.61476 -1.23065 0.438524 1.11432 -0.600204 1.45922 -0.314629 -0.253343 0.125903 -0.228574 3.14764 
-0.177364 2.47814 -0.813545 0.307718 -0.0894077 0.794588 -0.251036 -0.722511 -1.41876 -0.624433 -1.22784 0.448455 1.12123 -0.60495 1.46169 -0.319783 -0.264082 0.124094 -0.221778 3.14203 
-0.130977 2.46631 -0.850877 0.3122 -0.0990491 0.802856 -0.257559 -0.731715 -1.40578 -0.634106 -1.22502 0.458386 1.12815 -0.609696 1.46416 -0.324937 -0.27482 0.122284 -0.214982 3.13643 
-0.0857135 2.45291 -0.88552 0.316683 -0.108691 0.811123 -0.264083 -0.74092 -1.3928 -0.643779 -1.2222 0.468317 1.13507 -0.614442 1.46663 -0.330091 -0.285558 0.120475 -0.208187 3.13082 
-0.0416999 2.43804 -0.917436 0.321165 -0.118332 0.819391 -0.270606 -0.750124 -1.37981 -0.653452 -1.21938 0.478248 1.14199 -0.619187 1.46909 -0.335244 -0.296296 0.118665 -0.201391 3.12522 
0.000973653 2.42178 -0.946628 0.325648 -0.127973 0.827658 -0.277129 -0.759329 -1.36683 -0.663125 -1.21656 0.488179 1.14891 -0.623933 1.47156 -0.340398 -0.307034 0.116855 -0.194595 3.11962 
0.0422512 2.40422 -0.973128 0.33013 -0.137615 0.835926 -0.283652 -0.768533 -1.35385 -0.672798 -1.21375 0.49811 1.15582 -0.628679 1.47403 -0.345552 -0.317772 0.115046 -0.1878 3.11401 
0.0821063 2.38546 -0.996995 0.334613 -0.147256 0.844193 -0.290176 -0.777738 -1.34086 -0.682471 -1.21093 0.508042 1.16274 -0.633425 1.4765 -0.350706 -0.32851 0.113236 -0.181004 3.10841 
0.120537 2.36556 -1.01831 0.339095 -0.156898 0.85246 -0.296699 -0.786942 -1.32788 -0.692144 -1.20811 0.517973 1.16966 -0.638171 1.47896 -0.35586 -0.339248 0.111427 -0.174209 3.10281 
0.157561 2.34461 -1.03716 0.343577 -0.166539 0.860728 -0.303222 -0.796147 -1.3149 -0.701816 -1.20529 0.527904 1.17658 -0.642917 1.48143 -0.361014 -0.349986 0.109617 -0.167413 3.0972 
0.193213 2.32268 -1.05365 0.34806 -0.176181 0.868995 -0.309745 -0.805351 -1.30192 -0.711489 -1.20247 0.537835 1.18349 -0.647663 1.4839 -0.366168 -0.360725 0.107808 -0.160617 3.0916 
0.227537 2.29982 -1.0679 0.352542 -0.185822 0.877263 -0.316269 -0.814556 -1.28893 -0.721162 -1.19966 0.547766 1.19041 -0.652409 1.48637 -0.371322 -0.371463 0.105998 -0.153822 3.08599 
0.260587 2.2761 -1.08001 0.357025 -0.195464 0.88553 -0.322792 -0.82376 -1.27595 -0.730835 -1.19684 0.557697 1.19733 -0.657155 1.48883 -0.376476 -0.382201 0.104189 -0.147026 3.08039 
0.292424 2.25157 -1.09009 0.361507 -0.205105 0.893798 -0.329315 -0.832965 -1.26297 -0.740508 -1.19402 0.567628 1.20425 -0.661901 1.4913 -0.38163 -0.392939 0.102379 -0.140231 3.07479 
0.323112 2.22627 -1.09825 0.36599 -0.214746 0.902065 -0.335838 -0.842169 -1.24998 -0.750181 -1.1912 0.577559 1.21117 -0.666646 1.49377 -0.386784 -0.403677 0.10057 -0.133435 3.06918 
0.352715 2.20025 -1.10461 0.370472 -0.224388 0.910333 -0.342362 -0.851374 -1.237 -0.759854 -1.18838 0.58749 1.21808 -0.671392 1.49624 -0.391938 -0.414415 0.0987602 -0.126639 3.06358 
0.381301 2.17353 -1.10926 0.374955 -0.234029 0.9186 -0.348885 -0.860578 -1.22402 -0.769527 -1.18557 0.597421 1.225 -0.676138 1.4987 -0.397092 -0.425153 0.0969507 -0.119844 3.05798 
0.408936 2.14615 -1.1123 0.379437 -0.243671 0.926868 -0.355408 -0.869783 -1.21104 -0.779199 -1.18275 0.607352 1.23192 -0.680884 1.50117 -0.402246 -0.435891 0.0951412 -0.113048 3.05237 
0.461609 2.08952 -1.11389 0.388402 -0.262954 0.943403 -0.368455 -0.888192 -1.18507 -0.798545 -1.17711 0.627214 1.24575 -0.690376 1.50611 -0.412554 -0.457368 0.0915221 -0.099457 3.04116 
0.511237 2.03049 -1.11004 0.397367 -0.282237 0.959938 -0.381501 -0.906601 -1.1591 -0.817891 -1.17148 0.647076 1.25959 -0.699868 1.51104 -0.422862 -0.478844 0.0879031 -0.0858657 3.02996 
0.55829 1.96914 -1.1013 0.406332 -0.301519 0.976473 -0.394548 -0.92501 -1.13314 -0.837237 -1.16584 0.666938 1.27343 -0.70936 1.51598 -0.43317 -0.50032 0.084284 -0.0722745 3.01875 
0.580988 1.93761 -1.09525 0.410814 -0.311161 0.98474 -0.401071 -0.934214 -1.12015 -0.84691 -1.16302 0.676869 1.28034 -0.714105 1.51845 -0.438324 -0.511058 0.0824745 -0.0654789 3.01314 
0.603204 1.90551 -1.08814 0.415297 -0.320802 0.993008 -0.407594 -0.943419 -1.10717 -0.856583 -1.1602 0.6868 1.28726 -0.718851 1.52091 -0.443478 -0.521796 0.080665 -0.0586833 3.00754 
0.624988 1.87283 -1.08002 0.419779 -0.330444 1.00128 -0.414117 -0.952623 -1.09419 -0.866255 -1.15738 0.696731 1.29418 -0.723597 1.52338 -0.448632 -0.532534 0.0788555 -0.0518877 3.00194 
0.646388 1.83956 -1.07093 0.424262 -0.340085 1.00954 -0.420641 -0.961828 -1.08121 -0.875928 -1.15457 0.706662 1.3011 -0.728343 1.52585 -0.453786 -0.543273 0.0770459 -0.0450921 2.99633 
0.667453 1.80569 -1.0609 0.428744 -0.349727 1.01781 -0.427164 -0.971032 -1.06822 -0.885601 -1.15175 0.716593 1.30802 -0.733089 1.52832 -0.45894 -0.554011 0.0752364 -0.0382965 2.99073 
0.688229 1.7712 -1.04996 0.433226 -0.359368 1.02608 -0.433687 -0.980237 -1.05524 -0.895274 -1.14893 0.726524 1.31493 -0.737835 1.53078 -0.464094 -0.564749 0.0734269 -0.0315009 2.98513 
0.708761 1.73607 -1.03814 0.437709 -0.36901 1.03435 -0.44021 -0.989441 -1.04226 -0.904947 -1.14611 0.736455 1.32185 -0.742581 1.53325 -0.469248 -0.575487 0.0716174 -0.0247053 2.97952 
0.729097 1.70027 -1.02545 0.442191 -0.378651 1.04261 -0.446734 -0.998646 -1.02927 -0.91462 -1.14329 0.746386 1.32877 -0.747327 1.53572 -0.474402 -0.586225 0.0698078 -0.0179097 2.97392 
0.749281 1.66378 -1.01192 0.446674 -0.388292 1.05088 -0.453257 -1.00785 -1.01629 -0.924293 -1.14048 0.756317 1.33569 -0.752073 1.53819 -0.479556 -0.596963 0.0679983 -0.011114 2.96831 
0.76936 1.62655 -0.997549 0.451156 -0.397934 1.05915 -0.45978 -1.01705 -1.00331 -0.933966 -1.13766 0.766248 1.3426 -0.756819 1.54065 -0.48471 -0.607701 0.0661888 -0.00431844 2.96271 
0.789381 1.58855 -0.982347 0.455639 -0.407575 1.06742 -0.466303 -1.02626 -0.990326 -0.943638 -1.13484 0.77618 1.34952 -0.761564 1.54312 -0.489864 -0.618439 0.0643793 0.00247717 2.95711 
0.809393 1.54973 -0.966314 0.460121 -0.417217 1.07568 -0.472827 -1.03546 -0.977343 -0.953311 -1.13202 0.786111 1.35644 -0.76631 1.54559 -0.495018 -0.629177 0.0625697 0.00927278 2.9515 
0.829447 1.51003 -0.949447 0.464604 -0.426858 1.08395 -0.47935 -1.04467 -0.96436 -0.962984 -1.1292 0.796042 1.36336 -0.771056 1.54806 -0.500172 -0.639916 0.0607602 0.0160684 2.9459 
0.849595 1.46939 -0.931733 0.469086 -0.4365 1.09222 -0.485873 -1.05387 -0.951377 -0.972657 -1.12639 0.805973 1.37028 -0.775802 1.55052 -0.505326 -0.650654 0.0589507 0.022864 2.94029 
0.869896 1.42773 -0.913158 0.473568 -0.446141 1.10049 -0.492397 -1.06308 -0.938394 -0.98233 -1.12357 0.815904 1.37719 -0.780548 1.55299 -0.51048 -0.661392 0.0571412 0.0296596 2.93469 
0.890411 1.38498 -0.893695 0.478051 -0.455783 1.10875 -0.49892 -1.07228 -0.925411 -0.992003 -1.12075 0.825835 1.38411 -0.785294 1.55546 -0.515634 -0.67213 0.0553316 0.0364552 2.92909 
0.911208 1.34102 -0.873313 0.482533 -0.465424 1.11702 -0.505443 -1.08149 -0.912428 -1.00168 -1.11793 0.835766 1.39103 -0.79004 1.55793 -0.520788 -0.682868 0.0535221 0.0432508 2.92348 
0.932362 1.29575 -0.851969 0.487016 -0.475065 1.12529 -0.511966 -1.09069 -0.899445 -1.01135 -1.11511 0.845697 1.39795 -0.794786 1.5604 -0.525942 -0.693606 0.0517126 0.0500464 2.91788 
0.95396 1.24901 -0.829608 0.491498 -0.484707 1.13356 -0.51849 -1.0999 -0.886462 -1.02102 -1.1123 0.855628 1.40486 -0.799532 1.56286 -0.531096 -0.704344 0.0499031 0.056842 2.91228 
0.976098 1.20065 -0.806161 0.495981 -0.494348 1.14182 -0.525013 -1.1091 -0.873479 -1.03069 -1.10948 0.865559 1.41178 -0.804277 1.56533 -0.53625 -0.715082 0.0480935 0.0636376 2.90667 
0.998893 1.15046 -0.78154 0.500463 -0.50399 1.15009 -0.531536 -1.1183 -0.860496 -1.04037 -1.10666 0.87549 1.4187 -0.809023 1.5678 -0.541404 -0.72582 0.046284 0.0704333 2.90107 
1.02248 1.09818 -0.755632 0.504946 -0.513631 1.15836 -0.538059 -1.12751 -0.847513 -1.05004 -1.10384 0.885421 1.42562 -0.813769 1.57027 -0.546558 -0.736559 0.0444745 0.0772289 2.89546 
1.04703 1.04352 -0.728295 0.509428 -0.523273 1.16663 -0.544583 -1.13671 -0.83453 -1.05971 -1.10102 0.895352 1.43254 -0.818515 1.57273 -0.551712 -0.747297 0.042665 0.0840245 2.88986 
1.07275 0.986067 -0.69934 0.51391 -0.532914 1.17489 -0.551106 -1.14592 -0.821547 -1.06939 -1.09821 0.905283 1.43945 -0.823261 1.5752 -0.556866 -0.758035 0.0408554 0.0908201 2.88426 
1.09991 0.925307 -0.668519 0.518393 -0.542556 1.18316 -0.557629 -1.15512 -0.808564 -1.07906 -1.09539 0.915214 1.44637 -0.828007 1.57767 -0.56202 -0.768773 0.0390459 0.0976157 2.87865 
1.12888 0.860538 -0.635492 0.522875 -0.552197 1.19143 -0.564152 -1.16433 -0.795581 -1.08873 -1.09257 0.925145 1.45329 -0.832753 1.58014 -0.567174 -0.779511 0.0372364 0.104411 2.87305 
